CHi_CHi_EW
0.000000	0.00000000e+00
0.020000	-5.94999996e-08
0.040000	1.08999996e-06
0.060000	2.27999999e-06
0.080000	3.72000000e-06
0.100000	4.97700012e-06
0.120000	6.00000021e-06
0.140000	7.09999995e-06
0.160000	8.85000009e-06
0.180000	9.95000028e-06
0.200000	1.10499996e-05
0.220000	1.27185003e-05
0.240000	1.39499998e-05
0.260000	1.56999995e-05
0.280000	1.54999998e-05
0.300000	2.11499992e-05
0.320000	2.37500008e-05
0.340000	2.33014998e-05
0.360000	1.84500004e-05
0.380000	2.26499997e-05
0.400000	2.52000009e-05
0.420000	2.97000006e-05
0.440000	2.40499994e-05
0.460000	2.75500006e-05
0.480000	2.30940004e-05
0.500000	2.95499995e-05
0.520000	2.97000006e-05
0.540000	2.92000004e-05
0.560000	2.84500002e-05
0.580000	3.32999989e-05
0.600000	2.87999992e-05
0.620000	2.83999998e-05
0.640000	2.08000001e-05
0.660000	2.82000001e-05
0.680000	1.80999996e-05
0.700000	1.84500004e-05
0.720000	1.01645001e-05
0.740000	1.28000001e-05
0.760000	1.48500003e-05
0.780000	2.08500005e-05
0.800000	1.09499997e-05
0.820000	-1.21000003e-05
0.840000	1.06000005e-06
0.860000	1.35999999e-05
0.880000	2.79769993e-05
0.900000	1.08000004e-05
0.920000	-4.64000004e-06
0.940000	-1.57499999e-05
0.960000	-1.40499997e-05
0.980000	-3.32999989e-05
1.000000	-2.79500000e-05
1.020000	-3.45500011e-05
1.040000	-4.32499983e-05
1.060000	-5.67335010e-05
1.080000	-2.56500007e-05
1.100000	-3.12000011e-05
1.120000	7.49999981e-06
1.140000	-3.14499994e-05
1.159999	-5.65404989e-05
1.179999	-7.03694968e-05
1.199999	-7.07560030e-05
1.219999	-4.01500001e-05
1.239999	-7.81275012e-05
1.259999	-1.25290506e-04
1.279999	-1.26262006e-04
1.299999	-6.13654993e-05
1.319999	-2.39000001e-05
1.339999	-9.10695017e-05
1.359999	-9.46185028e-05
1.379999	-1.35576993e-04
1.399999	-8.44114984e-05
1.419999	-9.14135017e-05
1.439999	-9.44990024e-05
1.459999	-1.46033504e-04
1.479999	-1.21037498e-04
1.499999	-7.78600006e-05
1.519999	-7.63845019e-05
1.539999	-6.51489972e-05
1.559999	-9.27069996e-05
1.579999	-7.19099990e-05
1.599999	-5.95995007e-05
1.619999	9.80700042e-06
1.639999	-4.22999983e-05
1.659999	-2.42000006e-05
1.679999	-2.74499998e-05
1.699999	1.43594998e-05
1.719999	-9.73260030e-05
1.739999	2.12499999e-05
1.759999	-1.36500003e-05
1.779999	9.41495018e-05
1.799999	6.19630009e-05
1.819999	1.04375998e-04
1.839999	1.26475003e-04
1.859999	1.21773002e-04
1.879999	1.21439502e-04
1.899999	1.18465003e-04
1.919999	1.07264503e-04
1.939999	1.05500003e-05
1.959999	7.71994964e-05
1.979999	1.49806001e-04
1.999999	2.51349498e-04
2.019999	1.99233007e-04
2.039999	2.72602512e-04
2.059999	2.20080998e-04
2.079999	2.70604010e-04
2.099999	3.17197992e-04
2.119999	3.88983986e-04
2.139999	2.40135996e-04
2.159999	2.78159510e-04
2.179999	2.69886514e-04
2.199999	3.04850488e-04
2.219999	3.52080999e-04
2.239999	4.68282989e-04
2.259999	4.09268512e-04
2.279999	3.05728492e-04
2.299999	2.94772006e-04
2.319999	2.28029996e-04
2.339998	2.84804002e-04
2.359998	2.86052498e-04
2.379998	3.87393491e-04
2.399998	3.59756988e-04
2.419998	5.21455004e-05
2.439998	5.96810016e-04
2.459998	-5.51805017e-04
2.479998	9.64134990e-04
2.499998	8.01205024e-05
2.519998	5.07440011e-04
2.539998	-3.90285510e-04
2.559998	1.12281495e-03
2.579998	-7.74745014e-04
2.599998	-3.88626504e-04
2.619998	7.40849995e-04
2.639998	-2.48745000e-05
2.659998	-1.43289997e-03
2.679998	1.29535003e-03
2.699998	4.51311498e-04
2.719998	-1.12979498e-03
2.739998	-6.37574994e-04
2.759998	2.28169491e-03
2.779998	-1.03130494e-03
2.799998	6.12629985e-04
2.819998	-2.25640507e-03
2.839998	8.80855019e-04
2.859998	-5.38534987e-05
2.879998	-5.08644991e-03
2.899998	-2.08841497e-03
2.919998	-3.93720018e-03
2.939998	3.26276990e-03
2.959998	4.09679022e-03
2.979998	3.78507003e-03
2.999998	1.71383005e-03
3.019998	-4.08266997e-03
3.039998	-4.93466016e-03
3.059998	-6.87325001e-03
3.079998	-1.92935998e-03
3.099998	7.08930008e-03
3.119998	8.43905029e-04
3.139998	-5.18799992e-03
3.159998	-6.32930023e-04
3.179998	-1.79273498e-04
3.199998	-4.65229014e-03
3.219998	2.34342995e-03
3.239998	-1.55326002e-03
3.259998	1.27426500e-03
3.279998	-8.24004970e-03
3.299998	-3.27000016e-05
3.319998	-5.66584989e-03
3.339998	1.24928504e-02
3.359998	-6.46350021e-03
3.379997	-4.86669503e-03
3.399997	2.30589998e-03
3.419997	5.93990007e-05
3.439997	-6.65949984e-03
3.459997	-1.35430498e-02
3.479997	9.99260042e-03
3.499997	1.75877009e-02
3.519997	7.38650002e-03
3.539997	-1.92875005e-02
3.559997	-1.46407001e-02
3.579997	-1.24273999e-02
3.599997	1.16168000e-02
3.619997	-5.75829996e-04
3.639997	2.46806489e-03
3.659997	6.33535022e-03
3.679997	7.75024993e-04
3.699997	1.34906499e-02
3.719997	-6.21359982e-03
3.739997	1.71283502e-02
3.759997	-1.70019995e-02
3.779997	5.68355015e-03
3.799997	-1.73035997e-03
3.819997	-9.17335041e-03
3.839997	-2.33379495e-03
3.859997	2.82341000e-02
3.879997	1.31903496e-02
3.899997	7.73529988e-03
3.919997	-3.46239004e-03
3.939997	2.70984992e-02
3.959997	4.00464487e-04
3.979997	1.70230004e-03
3.999997	-2.34835502e-02
4.019997	9.56705026e-03
4.039997	2.67552007e-02
4.059997	1.28547996e-02
4.079997	4.43322491e-03
4.099997	-8.10954999e-03
4.119997	-3.84106999e-04
4.139997	-1.46196997e-02
4.159997	-1.12074995e-02
4.179997	4.36215010e-03
4.199997	3.94446999e-02
4.219997	7.34124973e-04
4.239997	2.56981999e-02
4.259997	-6.15870021e-03
4.279997	1.53970504e-02
4.299997	1.16068497e-02
4.319997	-8.79955012e-03
4.339997	-2.37872992e-02
4.359997	-3.88573483e-02
4.379997	-6.86969981e-02
4.399997	-6.64940029e-02
4.419997	-7.29240030e-02
4.439997	2.87688002e-02
4.459997	4.31293510e-02
4.479997	6.34659976e-02
4.499997	3.42305005e-02
4.519997	4.24205512e-02
4.539997	3.85593995e-02
4.559997	3.16345990e-02
4.579997	2.82620508e-02
4.599997	2.34319991e-03
4.619997	-2.75756493e-02
4.639997	-4.38027009e-02
4.659997	-7.23880008e-02
4.679996	-5.22200018e-02
4.699996	-2.18395498e-02
4.719996	-6.74659968e-05
4.739996	5.89185022e-03
4.759996	-2.40891497e-03
4.779996	-7.21075013e-03
4.799996	1.40331499e-02
4.819996	-9.21600033e-03
4.839996	2.16868501e-02
4.859996	-5.37629984e-02
4.879996	-1.79530494e-02
4.899996	-3.99598517e-02
4.919996	-1.71773005e-02
4.939996	2.01957505e-02
4.959996	3.38261016e-02
4.979996	2.26827003e-02
4.999996	3.15379016e-02
5.019996	1.78824496e-02
5.039996	6.31550029e-02
5.059996	7.83960000e-02
5.079996	9.35000032e-02
5.099996	1.16136998e-01
5.119996	5.29844984e-02
5.139996	4.89256494e-02
5.159996	-3.38093005e-02
5.179996	-9.24699977e-02
5.199996	-1.36647999e-01
5.219996	-1.51414007e-01
5.239996	-1.35504007e-01
5.259996	-1.07764497e-01
5.279996	-6.09574988e-02
5.299996	-5.27465018e-03
5.319996	3.41867991e-02
5.339996	4.25906517e-02
5.359996	4.04238515e-02
5.379996	-4.43112012e-03
5.399996	1.38965501e-02
5.419996	-4.58440483e-02
5.439996	-3.83644998e-02
5.459996	-8.26220028e-03
5.479996	7.28179980e-03
5.499996	2.54689492e-02
5.519996	4.53044996e-02
5.539996	1.68986507e-02
5.559996	-3.08770500e-02
5.579996	-4.83805016e-02
5.599996	-1.44447498e-02
5.619996	2.73155496e-02
5.639996	6.43545017e-02
5.659996	8.24534968e-02
5.679996	9.16360021e-02
5.699996	8.92774984e-02
5.719995	5.61029986e-02
5.739995	3.60298008e-02
5.759995	1.11483503e-02
5.779995	-4.03627520e-03
5.799995	-8.42380032e-05
5.819995	2.45953500e-02
5.839995	1.19262999e-02
5.859995	2.15384495e-02
5.879995	4.52205017e-02
5.899995	4.21804488e-02
5.919995	3.04591507e-02
5.939995	-2.72293488e-04
5.959995	-1.84719991e-02
5.979995	-4.41351496e-02
5.999995	-7.07314983e-02
6.019995	-8.04890022e-02
6.039995	-3.66738997e-02
6.059995	2.53995005e-02
6.079995	3.36857489e-03
6.099995	-2.07461007e-02
6.119995	-4.16371487e-02
6.139995	-8.48940015e-02
6.159995	-7.85529986e-02
6.179995	-1.20135002e-01
6.199995	-1.29418999e-01
6.219995	-1.02965496e-01
6.239995	1.80794001e-02
6.259995	5.30700013e-02
6.279995	8.56899992e-02
6.299995	1.16053000e-01
6.319995	1.15797997e-01
6.339995	5.83405010e-02
6.359995	8.60200003e-02
6.379995	2.96598002e-02
6.399995	1.48543005e-03
6.419995	-6.17294982e-02
6.439995	-1.08053498e-01
6.459995	-8.18324983e-02
6.479995	3.54547985e-02
6.499995	1.30577996e-01
6.519995	1.40667006e-01
6.539995	1.33166507e-01
6.559995	3.62714492e-02
6.579995	-1.70448497e-01
6.599995	-1.19667999e-01
6.619995	-6.95800036e-02
6.639995	-1.93517506e-02
6.659995	2.50521507e-02
6.679995	5.59225008e-02
6.699995	5.81049994e-02
6.719995	-1.44158502e-03
6.739995	-1.69793498e-02
6.759995	-9.59945004e-03
6.779994	1.27283502e-02
6.799994	3.37368995e-02
6.819994	2.35911496e-02
6.839994	1.31743000e-04
6.859994	-2.90056001e-02
6.879994	-5.34414984e-02
6.899994	-7.77740031e-02
6.919994	-9.52865034e-02
6.939994	-1.23020500e-01
6.959994	-1.24576502e-01
6.979994	-9.68109965e-02
6.999994	9.75850038e-03
7.019994	3.93788517e-02
7.039994	5.93819991e-02
7.059994	8.12124982e-02
7.079994	1.14018498e-02
7.099994	1.57088991e-02
7.119994	-5.63290017e-03
7.139994	-5.49839984e-04
7.159994	-1.53852999e-03
7.179994	1.70639493e-02
7.199994	5.52739985e-02
7.219994	7.62479976e-02
7.239994	1.10374503e-01
7.259994	1.05738498e-01
7.279994	5.03535010e-02
7.299994	-4.26681479e-03
7.319994	1.06330996e-03
7.339994	-1.04200998e-02
7.359994	-2.75858995e-02
7.379994	-4.25297990e-02
7.399994	-3.28771509e-02
7.419994	-2.75911000e-02
7.439994	-8.64025019e-03
7.459994	1.24920504e-02
7.479994	1.05034998e-02
7.499994	-4.56005987e-03
7.519994	-2.68045999e-02
7.539994	-2.14303005e-02
7.559994	-3.66830006e-02
7.579994	5.15059987e-03
7.599994	3.05974502e-02
7.619994	3.42371985e-02
7.639994	3.34821492e-02
7.659994	2.09283493e-02
7.679994	-5.43644978e-03
7.699994	-4.23091017e-02
7.719994	-6.73175007e-02
7.739994	-7.57640004e-02
7.759994	-6.29794970e-02
7.779994	-2.45740004e-02
7.799994	-5.01204981e-03
7.819993	-4.19446500e-03
7.839993	-6.30619982e-03
7.859993	-3.14116501e-03
7.879993	-2.19066511e-03
7.899993	3.18024005e-03
7.919993	2.34862491e-02
7.939993	3.90577018e-02
7.959993	3.65980007e-02
7.979993	4.57081497e-02
7.999993	5.79850003e-02
8.019994	6.50245026e-02
8.039994	7.80349970e-02
8.059995	5.94529994e-02
8.079995	-2.66756001e-03
8.099996	-3.44148986e-02
8.119996	-6.11069985e-02
8.139997	-5.50414994e-02
8.159997	-2.39308495e-02
8.179997	1.59696005e-02
8.199998	2.23083999e-02
8.219998	1.24656502e-02
8.239999	-6.73570018e-03
8.259999	-2.12430004e-02
8.280000	-1.62180997e-02
8.300000	-1.51095502e-02
8.320001	-2.60135494e-02
8.340001	-3.01136505e-02
8.360002	-3.13743018e-02
8.380002	-1.39118005e-02
8.400002	1.01829004e-02
8.420003	9.46279988e-03
8.440003	7.16014998e-03
8.460004	-1.73826003e-03
8.480004	-1.12667005e-03
8.500005	1.22172497e-02
8.520005	2.64851991e-02
8.540006	3.48927006e-02
8.560006	3.36921997e-02
8.580007	1.41196502e-02
8.600007	-1.01135504e-02
8.620008	-2.89070997e-02
8.640008	-3.19834501e-02
8.660008	-2.72291508e-02
8.680009	-1.22681502e-02
8.700009	-7.90925045e-03
8.720010	1.82066497e-03
8.740010	5.47514996e-03
8.760011	1.15900999e-02
8.780011	4.55581490e-03
8.800012	3.76191502e-03
8.820012	-7.60444999e-03
8.840013	-1.38723003e-02
8.860013	-1.39756501e-02
8.880013	-8.03059991e-03
8.900014	-6.47315010e-03
8.920014	-1.63962003e-02
8.940015	-1.00514004e-02
8.960015	-2.33564503e-03
8.980016	7.17775011e-03
9.000016	2.39605997e-02
9.020017	4.00618985e-02
9.040017	5.30349985e-02
9.060018	5.75280003e-02
9.080018	5.16790003e-02
9.100019	2.18907502e-02
9.120019	-1.15387002e-02
9.140019	-3.93572487e-02
9.160020	-5.79685010e-02
9.180020	-6.60044998e-02
9.200021	-5.60095012e-02
9.220021	-2.11244002e-02
9.240022	1.26852002e-02
9.260022	1.77705009e-02
9.280023	1.81556996e-02
9.300023	3.71893006e-03
9.320024	5.29729994e-03
9.340024	4.03296482e-03
9.360024	-4.31971019e-03
9.380025	-6.63194992e-03
9.400025	-8.77785031e-03
9.420026	5.89929987e-03
9.440026	1.25808502e-02
9.460027	1.10964999e-02
9.480027	1.68175492e-02
9.500028	4.14476497e-03
9.520028	8.95574968e-03
9.540029	1.12107499e-02
9.560029	8.15270003e-03
9.580029	1.98170003e-02
9.600030	1.04599996e-02
9.620030	9.93779977e-04
9.640031	-1.42988497e-02
9.660031	-2.53970996e-02
9.680032	-3.27458493e-02
9.700032	-4.08689491e-02
9.720033	-4.06475998e-02
9.740033	-2.78446507e-02
9.760034	-1.59971006e-02
9.780034	-1.08000496e-02
9.800035	-7.85544980e-03
9.820035	-1.62581506e-03
9.840035	9.63054970e-03
9.860036	1.69178005e-02
9.880036	2.22423505e-02
9.900037	2.67026499e-02
9.920037	2.59648506e-02
9.940038	3.52885015e-02
9.960038	2.00468507e-02
9.980039	1.19126504e-02
10.000039	8.24134986e-05
10.020040	3.63050005e-03
10.040040	9.70255025e-03
10.060040	1.92097500e-02
10.080041	2.78082993e-02
10.100041	3.27454992e-02
10.120042	1.72530506e-02
10.140042	1.15495501e-02
10.160043	6.14594994e-03
10.180043	8.36824998e-03
10.200044	8.75195023e-03
10.220044	-1.46025501e-03
10.240045	-1.74407009e-02
10.260045	-2.76796501e-02
10.280046	-2.99145002e-02
10.300046	-2.26604994e-02
10.320046	-1.07084997e-02
10.340047	-1.39295496e-02
10.360047	-1.69883501e-02
10.380048	-2.12381501e-02
10.400048	-1.56077500e-02
10.420049	-7.96199962e-03
10.440049	-3.64061492e-03
10.460050	-8.24510027e-03
10.480050	-1.89545006e-02
10.500051	-2.18751002e-02
10.520051	-1.08846501e-02
10.540051	-1.40962505e-03
10.560052	6.99914992e-03
10.580052	1.26997000e-02
10.600053	1.46414498e-02
10.620053	1.95914991e-02
10.640054	2.17509996e-02
10.660054	2.19731499e-02
10.680055	9.84049961e-03
10.700055	-7.17840018e-03
10.720056	-2.01472007e-02
10.740056	-2.39204504e-02
10.760056	-7.31999986e-03
10.780057	1.17546003e-02
10.800057	2.41165999e-02
10.820058	2.91402005e-02
10.840058	1.65433995e-02
10.860059	8.38674977e-03
10.880059	-3.07907001e-03
10.900060	-9.45719983e-03
10.920060	-1.43030500e-02
10.940061	-1.26544498e-02
10.960061	-6.28930004e-03
10.980062	-4.37249988e-03
11.000062	-7.47349998e-03
11.020062	-1.33023998e-02
11.040063	-1.90783497e-02
11.060063	-1.80709008e-02
11.080064	-1.05706500e-02
11.100064	-3.95929487e-03
11.120065	-1.50149994e-04
11.140065	-8.92865006e-04
11.160066	-5.02554979e-03
11.180066	-6.26735017e-03
11.200067	7.63184973e-04
11.220067	2.15095002e-02
11.240067	2.81343497e-02
11.260068	1.26430001e-02
11.280068	-2.36476995e-02
11.300069	-3.55096012e-02
11.320069	-3.11427508e-02
11.340070	-2.03494001e-02
11.360070	1.51931001e-02
11.380071	6.23924993e-02
11.400071	8.47560018e-02
11.420072	6.21965006e-02
11.440072	3.94852012e-02
11.460073	3.83108505e-03
11.480073	6.94015005e-04
11.500073	1.87502503e-02
11.520074	3.05085499e-02
11.540074	2.66116504e-02
11.560075	1.68791495e-03
11.580075	-2.50119008e-02
11.600076	-5.02115004e-02
11.620076	-6.76420033e-02
11.640077	-5.60434982e-02
11.660077	-1.10892002e-02
11.680078	1.73677001e-02
11.700078	1.22429002e-02
11.720078	3.22839990e-03
11.740079	-8.99074972e-03
11.760079	-1.25222998e-02
11.780080	-6.63209986e-03
11.800080	-9.40554962e-03
11.820081	-2.19716504e-02
11.840081	-3.32068987e-02
11.860082	-2.74847504e-02
11.880082	-9.68474988e-03
11.900083	3.44879506e-03
11.920083	2.38101999e-03
11.940084	-1.55557005e-03
11.960084	-9.85664967e-03
11.980084	-7.87515007e-03
12.000085	-9.61765007e-04
12.020085	1.07958997e-02
12.040086	1.23112500e-02
12.060086	1.45035004e-02
12.080087	1.46724004e-02
12.100087	1.37333004e-02
12.120088	6.87514991e-03
12.140088	9.20285005e-04
12.160089	-1.66565506e-03
12.180089	6.82649994e-03
12.200089	7.65840011e-03
12.220090	6.68979995e-03
12.240090	1.02270497e-02
12.260091	1.64033491e-02
12.280091	1.98564995e-02
12.300092	1.62898991e-02
12.320092	1.65875498e-02
12.340093	1.39221502e-02
12.360093	5.81309991e-03
12.380094	-4.44028480e-03
12.400094	-1.36615504e-02
12.420094	-1.70521997e-02
12.440095	-1.38864499e-02
12.460095	-1.44183496e-02
12.480096	-1.39311003e-02
12.500096	-1.50071504e-02
12.520097	-1.60933007e-02
12.540097	-1.39174499e-02
12.560098	-7.21069984e-03
12.580098	-9.80000004e-06
12.600099	-1.19447999e-03
12.620099	-2.36403500e-03
12.640100	7.82390009e-04
12.660100	7.56165013e-03
12.680100	1.87173504e-02
12.700101	2.58466993e-02
12.720101	2.51278505e-02
12.740102	1.63378008e-02
12.760102	6.02474995e-03
12.780103	9.28335008e-04
12.800103	-1.02123500e-04
12.820104	1.98231498e-03
12.840104	4.05530492e-03
12.860105	3.54350498e-03
12.880105	-2.15976010e-03
12.900105	-5.45589998e-03
12.920106	-9.24175046e-03
12.940106	-1.26279499e-02
12.960107	-1.26435002e-02
12.980107	-1.00195501e-02
13.000108	-4.53059981e-03
13.020108	-9.47225024e-04
13.040109	-1.95446497e-04
13.060109	-3.15280003e-03
13.080110	-7.55439978e-03
13.100110	-9.75564960e-03
13.120111	-7.72270001e-03
13.140111	-3.84789496e-03
13.160111	-6.13015029e-04
13.180112	-5.13545005e-04
13.200112	-1.77344005e-03
13.220113	-1.89223001e-03
13.240113	-1.56147499e-03
13.260114	9.48574976e-04
13.280114	3.57885496e-03
13.300115	6.37255004e-03
13.320115	1.15475496e-02
13.340116	1.21534998e-02
13.360116	1.29711004e-02
13.380116	9.02924966e-03
13.400117	2.96489499e-03
13.420117	1.46407998e-04
13.440118	1.32041494e-03
13.460118	1.02547999e-03
13.480119	2.99200509e-03
13.500119	-4.07412509e-03
13.520120	-9.99275036e-03
13.540120	-1.10044004e-02
13.560121	-9.01729986e-03
13.580121	5.14124986e-03
13.600121	1.01535004e-02
13.620122	1.21050002e-02
13.640122	8.62045027e-03
13.660123	3.56762001e-04
13.680123	-3.59796989e-03
13.700124	-3.90338502e-03
13.720124	-2.77097500e-03
13.740125	-1.31719001e-03
13.760125	-4.90629487e-03
13.780126	-9.38330032e-03
13.800126	-1.46693997e-02
13.820127	-1.65075492e-02
13.840127	-1.58723500e-02
13.860127	-1.18562002e-02
13.880128	-4.73721512e-03
13.900128	2.32371991e-03
13.920129	7.45159993e-03
13.940129	6.40214980e-03
13.960130	3.35916504e-03
13.980130	-2.08997005e-03
14.000131	-2.44530500e-03
14.020131	-2.25283508e-03
14.040132	-1.87084498e-03
14.060132	-1.20904495e-03
14.080132	-1.53605506e-04
14.100133	3.15015507e-03
14.120133	4.48166020e-03
14.140134	6.79884991e-03
14.160134	7.89945014e-03
14.180135	8.40609986e-03
14.200135	8.00599996e-03
14.220136	6.51470013e-03
14.240136	4.79676016e-03
14.260137	2.37478502e-03
14.280137	6.05245004e-04
14.300138	-2.32499997e-06
14.320138	3.01038002e-04
14.340138	1.95711991e-03
14.360139	4.56900010e-03
14.380139	5.97965019e-03
14.400140	6.12989999e-03
14.420140	4.51182481e-03
14.440141	2.84050009e-03
14.460141	1.04137498e-03
14.480142	-3.22585489e-04
14.500142	-5.19165013e-04
14.520143	-8.87755014e-04
14.540143	4.04569982e-05
14.560143	7.14490016e-04
14.580144	2.24850999e-04
14.600144	1.25897001e-04
14.620145	1.03172497e-03
14.640145	2.22119992e-03
14.660146	2.89656501e-03
14.680146	3.02927010e-03
14.700147	1.46172498e-03
14.720147	-1.00656005e-03
14.740148	-3.33485007e-03
14.760148	-3.89605504e-03
14.780149	-5.11485012e-03
14.800149	-4.29768022e-03
14.820149	-4.54490492e-03
14.840150	-2.64006993e-03
14.860150	-1.63402501e-03
14.880151	1.40324002e-03
14.900151	2.02590507e-03
14.920152	1.12636997e-04
14.940152	-2.34319991e-03
14.960153	-3.37608508e-03
14.980153	-3.28707998e-03
15.000154	-3.70339002e-03
15.020154	-5.14080003e-03
15.040154	-7.42405001e-03
15.060155	-7.31974980e-03
15.080155	-4.43862518e-03
15.100156	-3.29472008e-03
15.120156	-4.76404978e-03
15.140157	-5.63859986e-03
15.160157	-4.73758485e-03
15.180158	-2.80506001e-03
15.200158	-1.50926504e-03
15.220159	-5.02939976e-04
15.240159	8.02265014e-04
15.260159	3.25482991e-03
15.280160	4.79971478e-03
15.300160	6.39249990e-03
15.320161	6.50244998e-03
15.340161	6.12779986e-03
15.360162	4.45098523e-03
15.380162	1.11572002e-03
15.400163	-5.46630006e-04
15.420163	-1.21156999e-03
15.440164	-5.26425021e-04
15.460164	1.26681000e-04
15.480165	6.00989988e-05
15.500165	-1.21917005e-03
15.520165	-3.45842494e-03
15.540166	-2.87809991e-03
15.560166	-1.03897000e-04
15.580167	3.03070503e-03
15.600167	3.74665507e-03
15.620168	3.76306497e-03
15.640168	1.50369003e-03
15.660169	5.19615016e-04
15.680169	7.86349992e-04
15.700170	1.55785005e-04
15.720170	2.72020511e-03
15.740170	1.84731005e-04
15.760171	2.00354494e-03
15.780171	-1.90760999e-04
15.800172	1.79938495e-03
15.820172	4.03819489e-04
15.840173	1.49279996e-03
15.860173	3.18036997e-04
15.880174	1.45260501e-03
15.900174	-2.71047989e-04
15.920175	-1.00475001e-04
15.940175	-1.20168501e-04
15.960176	4.59604489e-04
15.980176	8.39394983e-04
16.000175	-3.06266506e-04
16.020176	-1.64499997e-05
16.040176	4.14042996e-04
16.060177	2.27654492e-03
16.080177	3.39832506e-03
16.100178	3.21010500e-03
16.120178	3.25906998e-03
16.140179	2.65558506e-03
16.160179	3.19219497e-03
16.180180	2.36244989e-03
16.200180	-1.80791001e-04
16.220181	-2.42906506e-03
16.240181	-3.99358012e-03
16.260181	-2.79370998e-03
16.280182	-8.89574992e-04
16.300182	1.44558004e-03
16.320183	2.31791497e-03
16.340183	2.65164999e-03
16.360184	1.61390495e-03
16.380184	7.01559999e-04
16.400185	-1.31071999e-03
16.420185	-1.94846501e-03
16.440186	-2.99384492e-03
16.460186	-1.83965999e-03
16.480186	-1.72723504e-03
16.500187	-7.38409988e-04
16.520187	-1.66831503e-03
16.540188	-3.48820491e-03
16.560188	-3.20636504e-03
16.580189	-1.16548000e-03
16.600189	2.55056005e-03
16.620190	2.90394505e-03
16.640190	1.31236995e-03
16.660191	-2.82744993e-03
16.680191	-5.28084999e-03
16.700191	-5.18169999e-03
16.720192	-2.89392006e-03
16.740192	-6.01264997e-04
16.760193	-6.46695029e-04
16.780193	-2.84794997e-03
16.800194	-5.31149982e-03
16.820194	-6.61979988e-03
16.840195	-3.66912992e-03
16.860195	7.08194973e-04
16.880196	4.25863499e-03
16.900196	5.90205006e-03
16.920197	4.72660502e-03
16.940197	2.72345496e-03
16.960197	1.26338005e-03
16.980198	-4.52604989e-04
17.000198	1.37724495e-03
17.020199	2.25982489e-03
17.040199	1.22023502e-03
17.060200	-8.86515016e-04
17.080200	-1.98054011e-03
17.100201	-1.98787497e-03
17.120201	-5.94635028e-04
17.140202	9.56315023e-04
17.160202	1.33694999e-03
17.180202	-3.72330513e-04
17.200203	-3.03613511e-03
17.220203	-2.60243006e-03
17.240204	-3.33806011e-03
17.260204	-3.60280997e-03
17.280205	-5.70324995e-03
17.300205	-3.77208996e-03
17.320206	-3.71699512e-04
17.340206	-2.33906507e-03
17.360207	2.45635002e-03
17.380207	3.38444510e-03
17.400208	6.27915002e-03
17.420208	7.57170003e-03
17.440208	5.06744999e-03
17.460209	3.32461507e-03
17.480209	2.61432491e-03
17.500210	4.47055511e-03
17.520210	4.11093514e-03
17.540211	4.34549991e-04
17.560211	1.35709997e-03
17.580212	3.59602505e-03
17.600212	3.84748494e-03
17.620213	1.30964001e-03
17.640213	6.63365005e-04
17.660213	-2.07179994e-03
17.680214	9.70770023e-04
17.700214	-3.49298492e-03
17.720215	-4.91294498e-03
17.740215	-1.86041498e-03
17.760216	-6.31255005e-03
17.780216	-3.88174504e-03
17.800217	-9.87575040e-04
17.820217	-8.93715012e-04
17.840218	5.39229997e-03
17.860218	4.79459483e-03
17.880219	3.02574504e-03
17.900219	4.76109004e-03
17.920219	-3.70410009e-04
17.940220	4.20494005e-03
17.960220	1.97776500e-03
17.980221	-5.72540006e-03
18.000221	-5.80934994e-03
18.020222	-1.30752998e-03
18.040222	-1.21915503e-03
18.060223	2.09549005e-04
18.080223	-1.51334505e-03
18.100224	-3.21940496e-03
18.120224	-3.20029492e-03
18.140224	-3.95900011e-03
18.160225	6.41455001e-04
18.180225	1.27361994e-03
18.200226	8.23010039e-03
18.220226	-1.00854004e-03
18.240227	5.22609986e-03
18.260227	3.11270007e-03
18.280228	-5.34950010e-03
18.300228	1.76695501e-03
18.320229	-9.84049961e-03
18.340229	-7.40505010e-03
18.360229	-3.61177512e-03
18.380230	-2.77265999e-03
18.400230	5.49620017e-04
18.420231	-6.87775016e-03
18.440231	-1.54915499e-04
18.460232	6.29795017e-03
18.480232	1.52363000e-03
18.500233	8.39204993e-03
18.520233	5.70010021e-03
18.540234	4.26828489e-03
18.560234	1.13115995e-03
18.580235	-6.36695011e-04
18.600235	1.16832997e-03
18.620235	3.36978002e-03
18.640236	-2.81206006e-03
18.660236	-3.38098011e-03
18.680237	4.60635498e-03
18.700237	-4.03313478e-03
18.720238	2.75019003e-04
18.740238	-6.11250009e-03
18.760239	5.53099997e-03
18.780239	6.84130006e-03
18.800240	1.59204996e-03
18.820240	2.77555489e-04
18.840240	-6.22064993e-03
18.860241	5.38685010e-04
18.880241	-1.11012501e-04
18.900242	3.16364993e-03
18.920242	-4.57853498e-03
18.940243	-6.32215012e-03
18.960243	-1.15166502e-02
18.980244	8.75729974e-03
19.000244	1.07225496e-02
19.020245	1.55165503e-02
19.040245	1.22950496e-02
19.060246	1.05920499e-02
19.080246	7.77195022e-03
19.100246	7.80379982e-04
19.120247	-4.75276494e-03
19.140247	-1.42487502e-02
19.160248	-1.51672997e-02
19.180248	-1.04979500e-02
19.200249	-8.09215009e-03
19.220249	-7.43950019e-03
19.240250	2.11761007e-03
19.260250	-1.16062001e-03
19.280251	6.97645009e-04
19.300251	-4.13275510e-03
19.320251	3.06281005e-03
19.340252	6.91560004e-03
19.360252	6.44495012e-03
19.380253	1.38967496e-03
19.400253	-5.40084997e-03
19.420254	-5.30854985e-03
19.440254	-2.41087005e-03
19.460255	-2.04795995e-03
19.480255	-9.50150006e-03
19.500256	-2.13662498e-02
19.520256	-2.58542001e-02
19.540257	-2.92651504e-02
19.560257	-2.92991996e-02
19.580257	-3.39361504e-02
19.600258	-3.29315513e-02
19.620258	-1.00784004e-02
19.640259	1.66597497e-02
19.660259	4.22877483e-02
19.680260	4.35580015e-02
19.700260	4.52033505e-02
19.720261	4.48647514e-02
19.740261	5.30409999e-02
19.760262	6.10424988e-02
19.780262	6.35150000e-02
19.800262	6.46950006e-02
19.820263	4.47965488e-02
19.840263	1.62745994e-02
19.860264	-1.77615508e-02
19.880264	-4.92989495e-02
19.900265	-6.29585013e-02
19.920265	-6.48624972e-02
19.940266	-5.08874990e-02
19.960266	-3.82840484e-02
19.980267	-3.47188488e-02
20.000267	-3.65188494e-02
20.020267	-2.83545498e-02
20.040268	-1.00082997e-02
20.060268	1.60657495e-04
20.080269	7.13944994e-03
20.100269	3.53308511e-03
20.120270	3.67945503e-03
20.140270	3.49059491e-03
20.160271	2.07651011e-03
20.180271	2.35230499e-03
20.200272	5.68635017e-03
20.220272	1.05842501e-02
20.240273	1.91396996e-02
20.260273	2.32061502e-02
20.280273	1.93675999e-02
20.300274	1.28882499e-02
20.320274	9.84484982e-03
20.340275	1.08632501e-02
20.360275	1.25885000e-02
20.380276	9.33170039e-03
20.400276	-5.68414980e-04
20.420277	-1.21138003e-02
20.440277	-2.15333998e-02
20.460278	-2.75660492e-02
20.480278	-2.50657499e-02
20.500278	-1.52713498e-02
20.520279	-4.22421983e-03
20.540279	3.95146990e-03
20.560280	8.21674988e-03
20.580280	1.20170498e-02
20.600281	1.36809004e-02
20.620281	1.60171501e-02
20.640282	1.18434001e-02
20.660282	1.30422495e-03
20.680283	-3.73840495e-03
20.700283	-6.16989983e-03
20.720284	-5.04299998e-03
20.740284	-3.55921988e-03
20.760284	-2.19339505e-03
20.780285	3.68992495e-03
20.800285	1.16111999e-02
20.820286	1.28057497e-02
20.840286	1.33330002e-02
20.860287	6.93299994e-03
20.880287	2.01424491e-03
20.900288	-3.90633522e-03
20.920288	-4.89362003e-03
20.940289	-7.45900022e-03
20.960289	-8.82549956e-03
20.980289	-5.94884995e-03
21.000290	-3.58022004e-03
21.020290	-4.15448006e-03
21.040291	-3.78553988e-03
21.060291	-6.23800000e-03
21.080292	-1.22545501e-02
21.100292	-1.50576001e-02
21.120293	-1.72619000e-02
21.140293	-1.62412506e-02
21.160294	-7.55590014e-03
21.180294	2.86829006e-03
21.200294	1.19669503e-02
21.220295	1.52375503e-02
21.240295	1.75930001e-02
21.260296	1.70242991e-02
21.280296	1.21636502e-02
21.300297	6.83155004e-03
21.320297	1.24305999e-03
21.340298	7.01639976e-04
21.360298	1.76504499e-03
21.380299	7.80534989e-04
21.400299	4.08967491e-04
21.420300	-3.70183005e-03
21.440300	-2.75132991e-03
21.460300	-1.05131499e-03
21.480301	1.97229511e-03
21.500301	1.36644999e-03
21.520302	-2.84843007e-03
21.540302	-5.67965023e-03
21.560303	-3.31557496e-03
21.580303	1.48953497e-03
21.600304	3.23845493e-03
21.620304	6.10884978e-03
21.640305	9.99740046e-03
21.660305	1.23813497e-02
21.680305	1.21764503e-02
21.700306	7.36714993e-03
21.720306	-2.56163505e-04
21.740307	-8.51374958e-03
21.760307	-1.37381498e-02
21.780308	-1.67801492e-02
21.800308	-1.62644498e-02
21.820309	-1.31953498e-02
21.840309	-1.02315499e-02
21.860310	-6.97054993e-03
21.880310	1.08115503e-03
21.900311	8.07330012e-03
21.920311	1.51918996e-02
21.940311	1.45790502e-02
21.960312	6.46089995e-03
21.980312	-2.36750999e-03
22.000313	-1.18067497e-02
22.020313	-1.59083996e-02
22.040314	-1.70616005e-02
22.060314	-1.48166502e-02
22.080315	-1.36554502e-02
22.100315	-1.09154005e-02
22.120316	-4.53148503e-03
22.140316	4.84935520e-03
22.160316	1.38259996e-02
22.180317	1.87014993e-02
22.200317	1.93540491e-02
22.220318	1.48729999e-02
22.240318	7.91975018e-03
22.260319	1.91011501e-03
22.280319	-1.23491499e-03
22.300320	-1.31029997e-03
22.320320	-9.83944992e-05
22.340321	2.70516006e-03
22.360321	5.41895023e-03
22.380322	5.07260021e-03
22.400322	5.78955002e-03
22.420322	1.71749003e-03
22.440323	-5.67334995e-04
22.460323	-2.47385004e-03
22.480324	-2.69993511e-03
22.500324	-2.80739996e-03
22.520325	-3.90653498e-03
22.540325	-1.49307505e-03
22.560326	2.08361493e-03
22.580326	2.40114494e-03
22.600327	9.10224975e-04
22.620327	-2.29393994e-03
22.640327	-3.48048005e-03
22.660328	-4.24297992e-03
22.680328	-3.84856504e-03
22.700329	-1.23329996e-03
22.720329	4.30880487e-03
22.740330	6.80739991e-03
22.760330	6.86019985e-03
22.780331	4.01900988e-03
22.800331	2.95724999e-03
22.820332	3.02171009e-03
22.840332	2.14808993e-03
22.860332	1.66728499e-03
22.880333	1.20119494e-03
22.900333	-1.13323994e-03
22.920334	-3.64090502e-03
22.940334	-6.67554978e-03
22.960335	-7.71690020e-03
22.980335	-6.50899997e-03
23.000336	-5.21324994e-03
23.020336	-2.43370002e-03
23.040337	3.57451994e-04
23.060337	3.62208509e-03
23.080338	3.46506992e-03
23.100338	-1.81422496e-04
23.120338	-1.60246505e-03
23.140339	-7.97445013e-04
23.160339	1.38382497e-03
23.180340	-3.79722507e-04
23.200340	-3.10020498e-03
23.220341	-5.44770015e-03
23.240341	-4.52625984e-03
23.260342	-3.33218509e-03
23.280342	-2.26565008e-03
23.300343	-2.56865006e-03
23.320343	-7.29745021e-04
23.340343	2.51326011e-03
23.360344	3.97047494e-03
23.380344	4.50064987e-03
23.400345	2.86415499e-03
23.420345	1.51059497e-03
23.440346	2.18386506e-03
23.460346	2.32582493e-03
23.480347	2.79863505e-03
23.500347	-1.46705497e-04
23.520348	-3.15841497e-03
23.540348	-6.42920006e-03
23.560349	-6.66730013e-03
23.580349	-5.33804996e-03
23.600349	-3.29717004e-04
23.620350	3.31050996e-03
23.640350	5.46430005e-03
23.660351	5.56905009e-03
23.680351	4.97394521e-03
23.700352	3.68733495e-03
23.720352	3.19457008e-03
23.740353	3.90185998e-03
23.760353	1.49120495e-03
23.780354	-2.23798002e-03
23.800354	-6.25954987e-03
23.820354	-7.32965022e-03
23.840355	-6.88150013e-03
23.860355	-4.29848488e-03
23.880356	-2.24866509e-03
23.900356	4.71499989e-05
23.920357	3.16337007e-03
23.940357	4.48228978e-03
23.960358	2.92915502e-03
23.980358	-1.19364006e-03
24.000359	-5.02960011e-03
24.020359	-5.87524986e-03
24.040359	-2.19761999e-03
24.060360	2.00513494e-03
24.080360	2.50156992e-03
24.100361	1.73952500e-03
24.120361	2.37151491e-03
24.140362	4.06476483e-03
24.160362	5.93419978e-03
24.180363	7.21985009e-03
24.200363	6.70264987e-03
24.220364	2.98201502e-03
24.240364	-9.75380011e-04
24.260365	-4.01720498e-03
24.280365	-5.41754998e-03
24.300365	-5.34440018e-03
24.320366	-3.62450001e-03
24.340366	-2.68731010e-03
24.360367	-1.62800995e-03
24.380367	1.03646505e-03
24.400368	2.53534503e-03
24.420368	2.18378496e-03
24.440369	3.91815003e-04
24.460369	-2.47259013e-04
24.480370	-9.74189970e-05
24.500370	3.70000016e-05
24.520370	1.48074504e-03
24.540371	2.93596997e-03
24.560371	4.05261014e-03
24.580372	4.39191516e-03
24.600372	3.73712508e-03
24.620373	3.62863508e-03
24.640373	1.82113505e-03
24.660374	4.49205487e-04
24.680374	-9.35930002e-04
24.700375	-1.10632495e-03
24.720375	1.05782505e-03
24.740376	2.33180006e-03
24.760376	1.79867505e-03
24.780376	-5.69795011e-05
24.800377	-1.01715501e-03
24.820377	-3.94484494e-04
24.840378	-9.02000000e-04
24.860378	-2.18433491e-03
24.880379	-3.60889989e-03
24.900379	-3.64046497e-03
24.920380	-2.28254497e-03
24.940380	-1.38223998e-03
24.960381	-4.53963003e-04
24.980381	-7.75669992e-04
25.000381	-1.01895502e-03
25.020382	-5.71239972e-04
25.040382	-4.82487492e-04
25.060383	5.65850001e-04
25.080383	2.02487502e-03
25.100384	2.73945997e-03
25.120384	1.62356999e-03
25.140385	-5.62419998e-04
25.160385	-1.98572990e-03
25.180386	-3.00225499e-03
25.200386	-2.98883999e-03
25.220387	-1.73011504e-03
25.240387	-9.72645008e-04
25.260387	-5.86735026e-04
25.280388	-1.16458000e-03
25.300388	-1.82723999e-03
25.320389	-2.38677510e-03
25.340389	-2.34892499e-03
25.360390	-3.26311006e-03
25.380390	-3.68080009e-03
25.400391	-3.45858489e-03
25.420391	-2.57674512e-03
25.440392	-1.51658000e-03
25.460392	-1.45204505e-03
25.480392	-1.72484003e-03
25.500393	-1.27619004e-03
25.520393	3.44655011e-04
25.540394	1.84726005e-03
25.560394	3.60413501e-03
25.580395	3.74978990e-03
25.600395	3.26474011e-03
25.620396	1.96806993e-03
25.640396	-7.19175005e-05
25.660397	-9.98444972e-04
25.680397	-1.42685999e-03
25.700397	-5.34170016e-04
25.720398	9.27655026e-04
25.740398	1.36758003e-03
25.760399	1.41589995e-03
25.780399	8.12240003e-04
25.800400	1.09009503e-03
25.820400	1.39011501e-03
25.840401	2.71608494e-03
25.860401	1.88489002e-03
25.880402	8.46630021e-04
25.900402	-2.06409997e-04
25.920403	5.02825016e-04
25.940403	2.45713489e-03
25.960403	4.54814499e-03
25.980404	3.77774006e-03
26.000404	2.30087992e-03
26.020405	-2.43814993e-05
26.040405	-3.88392509e-04
26.060406	3.60827486e-04
26.080406	1.19362504e-03
26.100407	1.74793496e-03
26.120407	1.82161503e-03
26.140408	1.80251000e-03
26.160408	2.19966006e-03
26.180408	1.58937997e-03
26.200409	1.62792497e-03
26.220409	1.09491497e-03
26.240410	1.20917498e-03
26.260410	9.02705011e-04
26.280411	5.98545012e-05
26.300411	-1.02809502e-03
26.320412	-1.30008499e-03
26.340412	-1.43233500e-03
26.360413	-1.07243506e-03
26.380413	-1.21748995e-03
26.400414	-1.48723496e-03
26.420414	-2.75862007e-03
26.440414	-3.65720992e-03
26.460415	-5.02465013e-03
26.480415	-5.22040017e-03
26.500416	-3.92844481e-03
26.520416	-1.89362501e-03
26.540417	-7.32430024e-04
26.560417	-5.17709996e-04
26.580418	-6.08009985e-04
26.600418	1.64013996e-04
26.620419	1.37337495e-03
26.640419	2.22382508e-03
26.660419	2.27466994e-03
26.680420	1.84033497e-03
26.700420	9.54004994e-04
26.720421	9.73179995e-04
26.740421	2.02449504e-03
26.760422	3.85576999e-03
26.780422	4.38518496e-03
26.800423	4.23703482e-03
26.820423	2.63610505e-03
26.840424	6.50065020e-04
26.860424	-2.00141501e-03
26.880424	-3.64865502e-03
26.900425	-5.38534997e-03
26.920425	-5.31180017e-03
26.940426	-3.38324998e-03
26.960426	-6.95934985e-04
26.980427	9.76365001e-04
27.000427	1.07484998e-03
27.020428	8.32575024e-04
27.040428	5.49475008e-05
27.060429	-3.22932494e-04
27.080429	-4.52823995e-04
27.100430	-9.41319973e-04
27.120430	-3.16120009e-03
27.140430	-4.97288490e-03
27.160431	-6.07295008e-03
27.180431	-6.15915004e-03
27.200432	-5.32244984e-03
27.220432	-4.52526985e-03
27.240433	-2.91152997e-03
27.260433	-1.40461500e-03
27.280434	1.01575002e-04
27.300434	7.94910011e-04
27.320435	1.28681504e-03
27.340435	1.16820005e-03
27.360435	9.43600025e-04
27.380436	1.17904996e-03
27.400436	1.91639503e-03
27.420437	3.10802995e-03
27.440437	3.24313506e-03
27.460438	3.59018007e-03
27.480438	2.80112494e-03
27.500439	2.96784006e-03
27.520439	3.48871504e-03
27.540440	4.77503985e-03
27.560440	3.28041008e-03
27.580441	1.14945497e-03
27.600441	-7.63389980e-04
27.620441	-8.55289982e-04
27.640442	-3.54388991e-04
27.660442	-4.55503992e-04
27.680443	-7.02139980e-04
27.700443	1.71017004e-04
27.720444	7.45304977e-04
27.740444	1.67888997e-03
27.760445	2.10251496e-03
27.780445	2.18636496e-03
27.800446	1.08366006e-03
27.820446	8.02499999e-04
27.840446	7.85309996e-04
27.860447	2.61564995e-03
27.880447	4.19297023e-03
27.900448	4.91533987e-03
27.920448	4.29505017e-03
27.940449	3.90274008e-03
27.960449	4.19466989e-03
27.980450	3.52636003e-03
28.000450	2.22421996e-03
28.020451	2.62000003e-06
28.040451	-1.15142495e-03
28.060452	-2.25260505e-03
28.080452	-2.91331508e-03
28.100452	-2.93904007e-03
28.120453	-2.82118493e-03
28.140453	-8.42219975e-04
28.160454	4.84109012e-04
28.180454	2.43079010e-03
28.200455	-1.37639500e-03
28.220455	2.28702510e-03
28.240456	-2.81817489e-03
28.260456	-2.22677994e-03
28.280457	-6.48450013e-03
28.300457	-4.87567019e-03
28.320457	-3.32089490e-03
28.340458	-5.21409977e-03
28.360458	-2.79638008e-03
28.380459	-4.36273497e-03
28.400459	-2.75650504e-03
28.420460	-3.20724491e-03
28.440460	-3.75626003e-03
28.460461	-1.71882496e-03
28.480461	-1.57611002e-03
28.500462	3.58055998e-03
28.520462	-2.27672499e-04
28.540462	-1.56959999e-04
28.560463	-1.86217995e-03
28.580463	-1.96565990e-03
28.600464	-1.77564996e-03
28.620464	-2.87359988e-04
28.640465	-7.16094975e-04
28.660465	2.94413511e-03
28.680466	7.50215026e-04
28.700466	2.27024499e-03
28.720467	-1.04064494e-03
28.740467	-2.61984504e-04
28.760468	8.14730010e-04
28.780468	2.13511498e-03
28.800468	1.56163995e-03
28.820469	2.83825997e-04
28.840469	4.58011491e-04
28.860470	-3.82217491e-04
28.880470	1.46189495e-03
28.900471	3.26538505e-03
28.920471	2.51976494e-03
28.940472	2.71209003e-03
28.960472	7.83819996e-04
28.980473	6.27244997e-04
29.000473	-1.14944496e-03
29.020473	-3.02080996e-03
29.040474	-2.55483994e-03
29.060474	3.87078500e-04
29.080475	-4.91029525e-04
29.100475	1.61027501e-03
29.120476	4.77833499e-04
29.140476	1.74070999e-03
29.160477	1.51297997e-03
29.180477	2.78342003e-03
29.200478	3.17474501e-03
29.220478	2.01615994e-03
29.240479	2.10776506e-03
29.260479	3.09999996e-05
29.280479	-3.07987502e-04
29.300480	-2.54272507e-03
29.320480	-9.67894972e-04
29.340481	9.93454945e-04
29.360481	2.53000995e-03
29.380482	1.83399499e-03
29.400482	7.43714976e-04
29.420483	3.78317491e-04
29.440483	-1.14465505e-03
29.460484	-3.17627494e-03
29.480484	-2.64958502e-03
29.500484	-3.12877004e-03
29.520485	-1.64914003e-03
29.540485	-1.33652496e-03
29.560486	-3.38023994e-04
29.580486	-8.45770002e-04
29.600487	-6.10490024e-05
29.620487	-4.44207486e-04
29.640488	5.67590003e-04
29.660488	1.52417505e-03
29.680489	1.46014499e-03
29.700489	2.27145990e-03
29.720490	2.94043007e-03
29.740490	2.67913006e-03
29.760490	6.14830002e-04
29.780491	9.58780001e-04
29.800491	4.93955973e-04
29.820492	1.02187495e-03
29.840492	1.03669497e-03
29.860493	-5.57660009e-04
29.880493	-2.28516990e-03
29.900494	-3.59220989e-03
29.920494	-8.09939986e-04
29.940495	2.19505001e-03
29.960495	4.59001493e-03
29.980495	2.10426003e-03
30.000496	-1.72764005e-03
30.020496	-3.42787011e-03
30.040497	-1.41282997e-03
30.060497	1.36528001e-03
30.080498	3.35202506e-03
30.100498	4.94019501e-03
30.120499	5.62010007e-03
30.140499	2.55931006e-03
30.160500	-3.12678493e-03
30.180500	-9.54785012e-03
30.200500	-8.28220043e-03
30.220501	-6.05060013e-05
30.240501	5.25839999e-03
30.260502	2.87547009e-03
30.280502	-4.78017982e-03
30.300503	-9.82054975e-03
30.320503	-6.54410012e-03
30.340504	8.40265013e-04
30.360504	5.41969994e-03
30.380505	2.87099998e-03
30.400505	-2.60318001e-03
30.420506	-3.85171501e-03
30.440506	-3.28194490e-03
30.460506	-1.12227502e-03
30.480507	-7.19924981e-04
30.500507	-3.64481995e-04
30.520508	1.24818500e-04
30.540508	5.84735011e-04
30.560509	2.84443004e-03
30.580509	4.18280484e-03
30.600510	3.04726511e-03
30.620510	-2.55032995e-04
30.640511	-3.85081489e-03
30.660511	-4.00848500e-03
30.680511	-1.86660502e-03
30.700512	4.48245992e-04
30.720512	-6.46059983e-04
30.740513	-1.51772494e-03
30.760513	-1.20961003e-03
30.780514	9.00380022e-04
30.800514	3.31909489e-03
30.820515	4.35771002e-03
30.840515	3.53570492e-03
30.860516	2.33639008e-03
30.880516	2.68143514e-04
30.900517	5.31809987e-04
30.920517	6.56694989e-04
30.940517	1.30848004e-03
30.960518	1.63744995e-03
30.980518	2.05025496e-03
31.000519	2.40079989e-03
31.020519	1.86242000e-03
31.040520	9.43869993e-04
31.060520	1.13571004e-03
31.080521	1.13189500e-03
31.100521	1.00674003e-03
31.120522	2.75933504e-04
31.140522	-4.29417007e-04
31.160522	-8.19914974e-04
31.180523	-1.13318500e-03
31.200523	-1.27551495e-03
31.220524	-2.74466001e-04
31.240524	4.20653989e-04
31.260525	1.65961497e-03
31.280525	1.99855492e-03
31.300526	1.69920502e-03
31.320526	-1.82814503e-04
31.340527	-4.87749989e-04
31.360527	-9.59790021e-04
31.380527	-1.20325503e-03
31.400528	-2.03725509e-03
31.420528	-2.31315498e-03
31.440529	-3.31722992e-03
31.460529	-3.58383008e-03
31.480530	-2.77013006e-03
31.500530	-5.58500005e-06
31.520531	2.07008491e-03
31.540531	1.07076496e-03
31.560532	-1.05904997e-03
31.580532	-2.14971509e-03
31.600533	-1.00901001e-03
31.620533	-5.68730000e-04
31.640533	-4.81841009e-04
31.660534	-7.63320015e-04
31.680534	-4.34151007e-04
31.700535	-1.37218507e-04
31.720535	6.75759977e-04
31.740536	-1.62565499e-04
31.760536	1.06452499e-03
31.780537	-2.14960994e-04
31.800537	-2.30399499e-04
31.820538	-2.54107988e-04
31.840538	3.41791514e-04
31.860538	4.22062003e-04
31.880539	-6.30000022e-06
31.900539	1.68499992e-05
31.920540	4.29186999e-04
31.940540	6.60950027e-04
31.960541	7.20655022e-04
31.980541	4.78567992e-04
32.000542	3.40658007e-04
32.020542	-7.29330000e-04
32.040543	-1.13698503e-03
32.060543	-4.70375002e-04
32.080544	-1.36142000e-04
32.100544	-6.90040033e-05
32.120544	2.18790999e-04
32.140545	1.14050996e-03
32.160545	1.75349496e-03
32.180546	2.44654994e-03
32.200546	2.61591491e-03
32.220547	1.10418501e-03
32.240547	-2.01167495e-04
32.260548	-9.15570010e-04
32.280548	-7.52814987e-04
32.300549	-5.69435011e-04
32.320549	-7.20015028e-04
32.340549	-1.52674003e-03
32.360550	-3.66389489e-04
32.380550	-4.38067509e-04
32.400551	4.09117987e-04
32.420551	-6.50695001e-04
32.440552	4.07085987e-04
32.460552	1.13634998e-03
32.480553	3.15004005e-03
32.500553	2.69348500e-03
32.520554	1.25388498e-03
32.540554	-5.14679996e-04
32.560555	-9.00004990e-04
32.580555	3.73893505e-04
32.600555	8.10924976e-04
32.620556	8.37820000e-04
32.640556	9.58349992e-05
32.660557	4.51539498e-04
32.680557	9.63184983e-04
32.700558	9.41600010e-04
32.720558	9.22509993e-04
32.740559	-1.32993504e-04
32.760559	-5.30659978e-04
32.780560	-6.02275017e-04
32.800560	-4.39752010e-04
32.820560	-3.65017506e-04
32.840561	-1.06399495e-03
32.860561	-1.31758500e-03
32.880562	-1.27274496e-03
32.900562	-7.16209994e-04
32.920563	-8.80034990e-04
32.940563	-9.05474997e-04
32.960564	-1.82006496e-03
32.980564	-1.74940506e-03
33.000565	-1.85071502e-03
33.020565	-1.22656499e-03
33.040565	-2.04052005e-04
33.060566	3.79336998e-04
33.080566	6.06174988e-04
33.100567	9.60694975e-04
33.120567	1.24930497e-03
33.140568	1.77312002e-03
33.160568	2.40949495e-03
33.180569	1.86987000e-03
33.200569	4.55677509e-04
33.220570	-9.08199989e-04
33.240570	-2.05660006e-03
33.260571	-2.15578009e-03
33.280571	-1.53669994e-03
33.300571	-7.95739994e-04
33.320572	-1.99689006e-04
33.340572	9.95014998e-05
33.360573	-1.16609997e-04
33.380573	-4.58064489e-04
33.400574	-2.29476995e-04
33.420574	4.98799025e-04
33.440575	8.96334997e-04
33.460575	1.16182002e-03
33.480576	7.68475002e-04
33.500576	9.24684980e-04
33.520576	1.06329995e-03
33.540577	1.00550998e-03
33.560577	1.46804005e-03
33.580578	1.09116000e-03
33.600578	9.67204978e-04
33.620579	2.56500007e-05
33.640579	-4.15927992e-04
33.660580	-1.08626497e-03
33.680580	-1.51511002e-03
33.700581	-1.91498001e-03
33.720581	-2.10187002e-03
33.740582	-1.90119504e-03
33.760582	-1.44905003e-03
33.780582	-8.31270008e-04
33.800583	-1.02864497e-03
33.820583	-1.23333000e-03
33.840584	-1.26446004e-03
33.860584	-1.11502502e-03
33.880585	-4.57154500e-04
33.900585	-6.06850008e-05
33.920586	5.31569996e-04
33.940586	4.49207000e-04
33.960587	5.35989995e-04
33.980587	9.03560023e-04
34.000587	1.04335998e-03
34.020588	1.34151499e-03
34.040588	1.21162005e-03
34.060589	1.26212998e-03
34.080589	1.13411504e-03
34.100590	1.67845504e-03
34.120590	1.22356997e-03
34.140591	1.21058500e-03
34.160591	8.82530003e-04
34.180592	8.01804999e-04
34.200592	1.18702497e-04
34.220592	-6.14495017e-04
34.240593	-1.00348005e-03
34.260593	-3.49266513e-04
34.280594	6.54930016e-04
34.300594	1.11804495e-03
34.320595	8.47894989e-04
34.340595	6.52759976e-04
34.360596	2.95726495e-04
34.380596	2.02604002e-04
34.400597	6.01525011e-04
34.420597	6.13005017e-04
34.440598	5.47970005e-04
34.460598	4.35551512e-04
34.480598	4.00626508e-04
34.500599	1.44093996e-03
34.520599	1.15242496e-03
34.540600	8.25375027e-04
34.560600	-4.63062490e-04
34.580601	-6.29824994e-04
34.600601	-5.72030025e-04
34.620602	-2.87686009e-04
34.640602	-4.54332010e-04
34.660603	-1.01067999e-03
34.680603	-1.25891995e-03
34.700603	-1.24759495e-03
34.720604	-5.45645016e-04
34.740604	2.29035999e-04
34.760605	1.19001998e-04
34.780605	-3.12331511e-04
34.800606	-1.43670500e-03
34.820606	-1.51940505e-03
34.840607	-1.54125504e-03
34.860607	-1.39504997e-03
34.880608	-1.21185998e-03
34.900608	4.31500011e-05
34.920609	2.98230007e-04
34.940609	3.28528986e-04
34.960609	-2.76999999e-05
34.980610	1.07500000e-06
35.000610	6.53345021e-04
35.020611	5.39554982e-04
35.040611	5.19284979e-04
35.060612	3.40993487e-04
35.080612	6.33615011e-04
35.100613	5.98685001e-04
35.120613	1.39000003e-05
35.140614	6.23599990e-05
35.160614	3.03828507e-04
35.180614	7.82540010e-04
35.200615	3.93892988e-04
35.220615	7.63365009e-04
35.240616	3.31565010e-04
35.260616	5.24520001e-04
35.280617	7.03315018e-04
35.300617	1.82999993e-05
35.320618	-7.41779979e-04
35.340618	-1.38145499e-03
35.360619	-1.61928497e-03
35.380619	-1.39472994e-03
35.400620	-1.45417999e-03
35.420620	-2.08070991e-03
35.440620	-1.90938497e-03
35.460621	-1.37186004e-03
35.480621	-2.45444011e-04
35.500622	1.77081994e-04
35.520622	6.79044984e-04
35.540623	5.27329976e-04
35.560623	-2.19647496e-04
35.580624	-7.76740024e-04
35.600624	-7.37885013e-04
35.620625	-4.94344975e-04
35.640625	-2.23099996e-04
35.660625	-1.48326493e-04
35.680626	2.92209501e-04
35.700626	2.91993987e-04
35.720627	4.08105494e-04
35.740627	9.95095004e-04
35.760628	6.30450028e-04
35.780628	5.34544990e-04
35.800629	2.02474504e-04
35.820629	1.39547500e-03
35.840630	1.78325002e-03
35.860630	2.68119504e-03
35.880630	1.82354497e-03
35.900631	1.19846000e-03
35.920631	2.02715499e-04
35.940632	5.04055002e-04
35.960632	3.59553989e-04
35.980633	-2.91500000e-05
36.000633	5.18199995e-05
36.020634	5.63739995e-05
36.040634	1.12234999e-03
36.060635	1.06807996e-03
36.080635	1.04988494e-03
36.100636	1.35288996e-04
36.120636	5.93959994e-05
36.140636	1.34917005e-04
36.160637	-1.79533003e-04
36.180637	4.13409492e-04
36.200638	1.34921007e-04
36.220638	2.09694495e-04
36.240639	6.93299982e-04
36.260639	1.30622496e-03
36.280640	2.00057495e-03
36.300640	1.40772003e-03
36.320641	3.22643988e-04
36.340641	-1.05400500e-03
36.360641	-1.18909997e-03
36.380642	-1.23436505e-03
36.400642	-5.71104989e-04
36.420643	-1.44018000e-03
36.440643	-3.72000504e-04
36.460644	-5.49884979e-04
36.480644	5.38925000e-04
36.500645	6.32599986e-04
36.520645	8.69680021e-04
36.540646	-9.99529962e-04
36.560646	-1.59036997e-03
36.580647	-2.33582500e-03
36.600647	-2.23513995e-03
36.620647	-1.59841496e-03
36.640648	-1.13282003e-03
36.660648	-1.75503502e-03
36.680649	-1.58617005e-03
36.700649	-2.11674511e-03
36.720650	-2.16837507e-03
36.740650	-1.63971004e-03
36.760651	-1.13784499e-03
36.780651	-3.60114005e-04
36.800652	-5.33404993e-04
36.820652	-2.50993995e-04
36.840652	-1.13816503e-04
36.860653	9.11845011e-04
36.880653	1.42681506e-03
36.900654	2.66692997e-03
36.920654	2.98591005e-03
36.940655	2.83885491e-03
36.960655	1.97420991e-03
36.980656	1.64241996e-03
37.000656	1.00715505e-03
37.020657	6.47185021e-04
37.040657	-1.85111494e-04
37.060658	-7.08104984e-04
37.080658	-8.87974980e-04
37.100658	-1.22402504e-03
37.120659	-5.83785004e-04
37.140659	2.83264992e-04
37.160660	8.84570007e-04
37.180660	5.08369994e-04
37.200661	-2.02461495e-04
37.220661	1.66000009e-05
37.240662	5.75199992e-05
37.260662	3.63166007e-04
37.280663	-5.21869988e-05
37.300663	-2.76881503e-04
37.320663	-5.26989985e-04
37.340664	-7.13134999e-04
37.360664	3.65499982e-05
37.380665	3.06212489e-04
37.400665	1.05472503e-03
37.420666	1.05405005e-03
37.440666	2.13596504e-04
37.460667	-7.05060025e-04
37.480667	-7.08980020e-04
37.500668	-2.46391486e-04
37.520668	2.31939994e-04
37.540668	2.06158496e-04
37.560669	7.32325017e-04
37.580669	7.94825028e-04
37.600670	1.50283496e-03
37.620670	7.97084998e-04
37.640671	3.62063991e-04
37.660671	1.96552006e-04
37.680672	-3.33837495e-04
37.700672	-1.11503003e-03
37.720673	-9.57495009e-04
37.740673	-1.57078495e-03
37.760674	-1.20488496e-03
37.780674	-7.76864996e-04
37.800674	1.51494998e-04
37.820675	6.35339995e-04
37.840675	-3.26769514e-04
37.860676	-1.01009000e-03
37.880676	-2.05736505e-04
37.900677	3.68473993e-04
37.920677	2.30000005e-05
37.940678	-1.37927505e-04
37.960678	2.46717507e-04
37.980679	3.15342011e-04
38.000679	7.29205029e-04
38.020679	8.36485007e-04
38.040680	1.10339001e-03
38.060680	1.08238996e-03
38.080681	-6.08949995e-05
38.100681	-5.99664985e-04
38.120682	-5.57494990e-04
38.140682	7.46104983e-04
38.160683	1.18552498e-03
38.180683	1.02197996e-03
38.200684	7.14314985e-04
38.220684	1.33185496e-03
38.240685	1.05748000e-03
38.260685	1.21537503e-03
38.280685	7.80320028e-04
38.300686	2.53230013e-04
38.320686	-4.64192504e-04
38.340687	-9.44014988e-04
38.360687	-1.28921994e-03
38.380688	-1.00500998e-03
38.400688	-5.40425011e-04
38.420689	-5.77540020e-04
38.440689	-6.65284984e-04
38.460690	-7.11389992e-04
38.480690	-5.47430012e-04
38.500690	-5.04275027e-04
38.520691	-8.12755025e-04
38.540691	-1.74121500e-03
38.560692	-1.86058006e-03
38.580692	-1.00529497e-03
38.600693	2.82747991e-04
38.620693	6.89239998e-04
38.640694	-6.68250024e-04
38.660694	-1.54509000e-03
38.680695	-1.42780005e-03
38.700695	-9.80359968e-04
38.720695	-2.94036494e-04
38.740696	1.07512999e-04
38.760696	-3.53603507e-04
38.780697	-3.82863014e-04
38.800697	-6.07314985e-04
38.820698	-5.18104993e-04
38.840698	-5.00390015e-04
38.860699	6.48595014e-05
38.880699	1.44945501e-04
38.900700	-9.86170024e-04
38.920700	8.57734994e-04
38.940701	-1.82122501e-04
38.960701	6.32735027e-04
38.980701	2.56000003e-05
39.000702	9.15159995e-04
39.020702	2.21131509e-03
39.040703	2.06475495e-03
39.060703	1.76836504e-03
39.080704	9.85795050e-04
39.100704	1.04652997e-03
39.120705	1.42109499e-03
39.140705	1.43264001e-03
39.160706	1.37350499e-03
39.180706	1.19784998e-03
39.200706	4.82883013e-04
39.220707	7.41650001e-04
39.240707	1.16923999e-04
39.260708	5.94035024e-04
39.280708	8.36840016e-04
39.300709	1.33757503e-03
39.320709	8.89614981e-04
39.340710	-1.00500001e-04
39.360710	-6.86125015e-04
39.380711	-2.35721993e-04
39.400711	2.27555502e-04
39.420712	5.09370002e-04
39.440712	3.01843509e-04
39.460712	4.08699008e-04
39.480713	3.66172986e-04
39.500713	-1.01548001e-04
39.520714	1.18495998e-04
39.540714	-6.32114999e-04
39.560715	-2.40900496e-04
39.580715	-4.99499984e-05
39.600716	2.16597997e-04
39.620716	-8.91785021e-05
39.640717	-5.65889990e-04
39.660717	-1.65304495e-03
39.680717	-1.56602997e-03
39.700718	-1.19002501e-03
39.720718	-1.13863498e-03
39.740719	-1.15408003e-03
39.760719	-1.01933000e-03
39.780720	-1.32698996e-03
39.800720	-9.03700013e-04
39.820721	-5.94734971e-04
39.840721	-3.05513007e-04
39.860722	8.06609969e-05
39.880722	-4.43830504e-04
39.900723	-2.02644005e-04
39.920723	-2.61990499e-04
39.940723	1.96544002e-04
39.960724	-2.56241998e-04
39.980724	-5.62290021e-04
39.980724	0.00000000e+00
40.000000	0.00000000e+00
