K.J_EW
0.000000	0.00000000e+00
0.000000	-5.50000004e-05
0.020000	-5.50000004e-05
0.040000	-4.50000007e-05
0.060000	-3.99999990e-05
0.080000	-3.99999990e-05
0.100000	-3.50000009e-05
0.120000	-3.50000009e-05
0.140000	-2.99999992e-05
0.160000	-2.49999994e-05
0.180000	-2.49999994e-05
0.200000	-2.49999994e-05
0.220000	-1.99999995e-05
0.240000	-1.49999996e-05
0.260000	-1.49999996e-05
0.280000	-1.49999996e-05
0.300000	-9.99999975e-06
0.320000	-9.99999975e-06
0.340000	-9.99999975e-06
0.360000	-4.99999987e-06
0.380000	-4.99999987e-06
0.400000	-4.99999987e-06
0.420000	0.00000000e+00
0.440000	0.00000000e+00
0.460000	4.99999987e-06
0.480000	4.99999987e-06
0.500000	4.99999987e-06
0.520000	4.99999987e-06
0.540000	9.99999975e-06
0.560000	9.99999975e-06
0.580000	9.99999975e-06
0.600000	9.99999975e-06
0.620000	9.99999975e-06
0.640000	1.49999996e-05
0.660000	1.49999996e-05
0.680000	1.49999996e-05
0.700000	1.49999996e-05
0.720000	1.49999996e-05
0.740000	1.49999996e-05
0.760000	1.49999996e-05
0.780000	1.49999996e-05
0.800000	1.49999996e-05
0.820000	1.99999995e-05
0.840000	1.99999995e-05
0.860000	1.99999995e-05
0.880000	1.99999995e-05
0.900000	1.99999995e-05
0.920000	1.99999995e-05
0.940000	1.99999995e-05
0.960000	1.99999995e-05
0.980000	1.99999995e-05
1.000000	1.99999995e-05
1.020000	1.99999995e-05
1.040000	1.99999995e-05
1.060000	1.99999995e-05
1.080000	1.99999995e-05
1.100000	1.99999995e-05
1.120000	1.99999995e-05
1.140000	1.99999995e-05
1.159999	1.99999995e-05
1.179999	1.99999995e-05
1.199999	1.99999995e-05
1.219999	1.99999995e-05
1.239999	1.99999995e-05
1.259999	1.99999995e-05
1.279999	1.49999996e-05
1.299999	1.99999995e-05
1.319999	1.49999996e-05
1.339999	1.49999996e-05
1.359999	1.49999996e-05
1.379999	1.49999996e-05
1.399999	1.49999996e-05
1.419999	1.49999996e-05
1.439999	1.49999996e-05
1.459999	1.49999996e-05
1.479999	1.49999996e-05
1.499999	1.49999996e-05
1.519999	1.49999996e-05
1.539999	1.49999996e-05
1.559999	1.49999996e-05
1.579999	9.99999975e-06
1.599999	9.99999975e-06
1.619999	9.99999975e-06
1.639999	9.99999975e-06
1.659999	9.99999975e-06
1.679999	9.99999975e-06
1.699999	9.99999975e-06
1.719999	9.99999975e-06
1.739999	9.99999975e-06
1.759999	9.99999975e-06
1.779999	9.99999975e-06
1.799999	4.99999987e-06
1.819999	4.99999987e-06
1.839999	4.99999987e-06
1.859999	4.99999987e-06
1.879999	4.99999987e-06
1.899999	4.99999987e-06
1.919999	4.99999987e-06
1.939999	4.99999987e-06
1.959999	4.99999987e-06
1.979999	4.99999987e-06
1.999999	0.00000000e+00
2.019999	4.99999987e-06
2.039999	0.00000000e+00
2.059999	0.00000000e+00
2.079999	0.00000000e+00
2.099999	0.00000000e+00
2.119999	0.00000000e+00
2.139999	0.00000000e+00
2.159999	0.00000000e+00
2.179999	0.00000000e+00
2.199999	0.00000000e+00
2.219999	0.00000000e+00
2.239999	0.00000000e+00
2.259999	-4.99999987e-06
2.279999	0.00000000e+00
2.299999	-4.99999987e-06
2.319999	-4.99999987e-06
2.339998	-4.99999987e-06
2.359998	-4.99999987e-06
2.379998	-4.99999987e-06
2.399998	-4.99999987e-06
2.419998	-4.99999987e-06
2.439998	-4.99999987e-06
2.459998	-4.99999987e-06
2.479998	-4.99999987e-06
2.499998	-4.99999987e-06
2.519998	-4.99999987e-06
2.539998	-4.99999987e-06
2.559998	-4.99999987e-06
2.579998	-4.99999987e-06
2.599998	-4.99999987e-06
2.619998	-4.99999987e-06
2.639998	-9.99999975e-06
2.659998	-9.99999975e-06
2.679998	-9.99999975e-06
2.699998	-9.99999975e-06
2.719998	-9.99999975e-06
2.739998	-9.99999975e-06
2.759998	-9.99999975e-06
2.779998	-9.99999975e-06
2.799998	-9.99999975e-06
2.819998	-9.99999975e-06
2.839998	-9.99999975e-06
2.859998	-9.99999975e-06
2.879998	-9.99999975e-06
2.899998	-9.99999975e-06
2.919998	-9.99999975e-06
2.939998	-9.99999975e-06
2.959998	-9.99999975e-06
2.979998	-9.99999975e-06
2.999998	-9.99999975e-06
3.019998	-9.99999975e-06
3.039998	-9.99999975e-06
3.059998	-9.99999975e-06
3.079998	-9.99999975e-06
3.099998	-9.99999975e-06
3.119998	-9.99999975e-06
3.139998	-9.99999975e-06
3.159998	-9.99999975e-06
3.179998	-9.99999975e-06
3.199998	-9.99999975e-06
3.219998	-9.99999975e-06
3.239998	-9.99999975e-06
3.259998	-9.99999975e-06
3.279998	-9.99999975e-06
3.299998	-9.99999975e-06
3.319998	-9.99999975e-06
3.339998	-9.99999975e-06
3.359998	-9.99999975e-06
3.379997	-9.99999975e-06
3.399997	-9.99999975e-06
3.419997	-9.99999975e-06
3.439997	-9.99999975e-06
3.459997	-9.99999975e-06
3.479997	-9.99999975e-06
3.499997	-9.99999975e-06
3.519997	-4.99999987e-06
3.539997	9.99999975e-06
3.559997	-2.35000000e-04
3.579997	-1.38000003e-03
3.599997	2.30000005e-03
3.619997	1.10000001e-04
3.639997	-1.46000006e-03
3.659997	-3.62499990e-03
3.679997	6.73000002e-03
3.699997	1.49000005e-03
3.719997	-5.93499979e-03
3.739997	-6.20000006e-04
3.759997	4.92999982e-03
3.779997	-1.52499997e-03
3.799997	-3.53999995e-03
3.819997	4.74500004e-03
3.839997	-5.49999997e-04
3.859997	-3.87999997e-03
3.879997	6.00000028e-04
3.899997	2.74499995e-03
3.919997	-5.50000004e-05
3.939997	-7.45000027e-04
3.959997	3.25000001e-04
3.979997	-4.04000003e-03
3.999997	3.25000001e-04
4.019997	6.18000003e-03
4.039997	1.04500004e-03
4.059997	-7.38999993e-03
4.079997	-3.74500011e-03
4.099997	4.85499995e-03
4.119997	4.66000009e-03
4.139997	-9.65000037e-03
4.159997	2.18999991e-03
4.179997	5.70000010e-03
4.199997	-2.00999994e-03
4.219997	2.33000005e-03
4.239997	-4.43500001e-03
4.259997	-6.66500023e-03
4.279997	6.93499995e-03
4.299997	1.12999999e-03
4.319997	2.66500004e-03
4.339997	6.20000006e-04
4.359997	-2.03999993e-03
4.379997	-6.60000020e-04
4.399997	-2.85500009e-03
4.419997	1.17650004e-02
4.439997	-1.02850003e-02
4.459997	-8.59500002e-03
4.479997	1.48200002e-02
4.499997	2.90500000e-03
4.519997	-9.15000029e-03
4.539997	-7.10499985e-03
4.559997	2.66500004e-03
4.579997	-3.17499996e-03
4.599997	3.62999993e-03
4.619997	1.09999999e-02
4.639997	-7.84999970e-03
4.659997	3.74000007e-03
4.679996	-1.67500004e-02
4.699996	1.01999997e-03
4.719996	3.61500010e-02
4.739996	-1.43499998e-02
4.759996	-4.57999995e-03
4.779996	-2.66999993e-02
4.799996	2.94499993e-02
4.819996	4.47000004e-03
4.839996	-2.27649994e-02
4.859996	1.44250002e-02
4.879996	-7.75000022e-04
4.899996	1.45699997e-02
4.919996	-1.21550001e-02
4.939996	-7.91500043e-03
4.959996	6.85000001e-03
4.979996	-2.14999993e-04
4.999996	5.54999989e-03
5.019996	-8.34999979e-03
5.039996	2.41000000e-02
5.059996	-1.00999996e-02
5.079996	-5.10000018e-03
5.099996	8.20000004e-03
5.119996	-2.22999994e-02
5.139996	2.63500009e-02
5.159996	-5.35000023e-03
5.179996	1.78000005e-03
5.199996	-1.61000006e-02
5.219996	6.94999984e-03
5.239996	-1.27999997e-02
5.259996	4.62999986e-03
5.279996	-1.10500003e-03
5.299996	6.85000001e-03
5.319996	-1.33999996e-02
5.339996	1.81499999e-02
5.359996	-7.40000000e-03
5.379996	1.04999999e-02
5.399996	3.77000007e-03
5.419996	-3.03000007e-02
5.439996	1.30000003e-02
5.459996	1.51500003e-02
5.479996	3.80000006e-03
5.499996	-2.51150001e-02
5.519996	2.20100004e-02
5.539996	2.00449992e-02
5.559996	-1.47150001e-02
5.579996	-1.02199996e-02
5.599996	-3.37149985e-02
5.619996	-2.74999999e-04
5.639996	2.17300002e-02
5.659996	1.29000004e-02
5.679996	-1.81150008e-02
5.699996	5.29999984e-03
5.719995	-1.79800000e-02
5.739995	-5.35999984e-03
5.759995	2.87699997e-02
5.779995	5.07799983e-02
5.799995	-2.42999997e-02
5.819995	-2.58000009e-02
5.839995	-3.88000011e-02
5.859995	1.98500007e-02
5.879995	5.00000007e-02
5.899995	-6.00000005e-03
5.919995	-4.02499996e-02
5.939995	8.20000004e-03
5.959995	5.24999984e-02
5.979995	3.07499990e-03
5.999995	-7.86050037e-02
6.019995	-1.41500002e-02
6.039995	2.72550005e-02
6.059995	6.71050027e-02
6.079995	3.65800001e-02
6.099995	2.25150008e-02
6.119995	-2.80399993e-02
6.139995	-4.67399992e-02
6.159995	-1.36599997e-02
6.179995	-5.60999988e-03
6.199995	-1.65199991e-02
6.219995	4.07299995e-02
6.239995	8.19749981e-02
6.259995	-9.02599990e-02
6.279995	-7.55500002e-03
6.299995	-8.01450014e-02
6.319995	-4.20999993e-03
6.339995	4.77049984e-02
6.359995	-6.15650006e-02
6.379995	-8.94099995e-02
6.399995	1.00250002e-02
6.419995	1.29549995e-01
6.439995	1.09935001e-01
6.459995	-8.84099975e-02
6.479995	-6.45300001e-02
6.499995	-9.98049974e-02
6.519995	8.22800025e-02
6.539995	1.28500000e-01
6.559995	1.20999999e-01
6.579995	-2.95499992e-02
6.599995	-6.80000037e-02
6.619995	-2.57500000e-02
6.639995	-9.25000012e-02
6.659995	1.50000007e-04
6.679995	1.16299996e-02
6.699995	4.20649983e-02
6.719995	-1.82200000e-02
6.739995	-2.58399993e-02
6.759995	-1.34755000e-01
6.779994	-1.27609998e-01
6.799994	-2.85999989e-03
6.819994	1.49485007e-01
6.839994	1.76379994e-01
6.859994	5.01249991e-02
6.879994	-9.21500027e-02
6.899994	-1.33515000e-01
6.919994	6.15749992e-02
6.939994	2.00334996e-01
6.959994	3.77749987e-02
6.979994	7.51999989e-02
6.999994	9.01000015e-03
7.019994	-1.26145005e-01
7.039994	-9.04999971e-02
7.059994	-4.12500016e-02
7.079994	-3.57000008e-02
7.099994	-5.40000014e-02
7.119994	-5.59999980e-03
7.139994	2.73499992e-02
7.159994	-1.29000004e-02
7.179994	-3.06700002e-02
7.199994	2.39799991e-02
7.219994	5.79999983e-02
7.239994	5.99999987e-02
7.259994	1.07500002e-01
7.279994	3.75499986e-02
7.299994	6.10000007e-02
7.319994	-3.44499983e-02
7.339994	-7.10000023e-02
7.359994	-8.69999975e-02
7.379994	-8.28899965e-02
7.399994	-5.16050011e-02
7.419994	6.04999997e-02
7.439994	9.65000018e-02
7.459994	1.78999994e-02
7.479994	-8.55700001e-02
7.499994	-1.11605003e-01
7.519994	1.04900002e-02
7.539994	1.03030004e-01
7.559994	9.49999969e-03
7.579994	5.59099987e-02
7.599994	4.99500008e-03
7.619994	-1.35000004e-02
7.639994	3.30500007e-02
7.659994	1.11499999e-03
7.679994	-3.45500000e-02
7.699994	-2.17499994e-02
7.719994	5.65000018e-03
7.739994	1.24500003e-02
7.759994	-1.49499997e-02
7.779994	-1.09900003e-02
7.799994	1.88749991e-02
7.819993	-1.06050000e-02
7.839993	-4.23900001e-02
7.859993	2.17649993e-02
7.879993	6.83500022e-02
7.899993	1.72949992e-02
7.919993	7.69999996e-03
7.939993	-6.58999989e-03
7.959993	-6.78699985e-02
7.979993	-5.27199991e-02
7.999993	-2.59499997e-03
8.019994	1.62799992e-02
8.039994	1.93799995e-02
8.059995	2.55750008e-02
8.079995	3.37000005e-03
8.099996	-2.15550009e-02
8.119996	7.00000022e-03
8.139997	4.41999994e-02
8.159997	3.59999985e-02
8.179997	-1.13500003e-02
8.199998	-4.29949984e-02
8.219998	-2.94400007e-02
8.239999	7.12000020e-03
8.259999	3.34500000e-02
8.280000	7.60000013e-03
8.300000	-2.36499999e-02
8.320001	-2.21500006e-02
8.340001	-7.35000009e-03
8.360002	-1.64500009e-02
8.380002	-2.81499997e-02
8.400002	-2.42500007e-02
8.420003	1.11300005e-02
8.440003	2.35200003e-02
8.460004	3.35149989e-02
8.480004	-3.05499998e-03
8.500005	1.03000004e-03
8.520005	1.69249997e-02
8.540006	1.81900002e-02
8.560006	6.55000005e-03
8.580007	-3.66999991e-02
8.600007	-1.93949994e-02
8.620008	2.65500005e-02
8.640008	2.98999995e-02
8.660008	-5.65000018e-03
8.680009	-2.98900008e-02
8.700009	-3.20999995e-02
8.720010	1.75000005e-03
8.740010	3.34500000e-02
8.760011	1.89999994e-02
8.780011	8.29999987e-03
8.800012	1.99999995e-05
8.820012	-1.42999999e-02
8.840013	-1.09999999e-02
8.860013	1.75999999e-02
8.880013	2.06000004e-02
8.900014	-1.28499996e-02
8.920014	-2.53849998e-02
8.940015	1.91999995e-03
8.960015	1.21999998e-02
8.980016	5.39999979e-04
9.000016	-3.17499996e-03
9.020017	6.48499979e-03
9.040017	4.64999990e-04
9.060018	-1.19200004e-02
9.080018	-1.28899999e-02
9.100019	-8.67000036e-03
9.120019	3.62499990e-03
9.140019	3.50499991e-03
9.160020	-3.92000005e-03
9.180020	-1.44999996e-02
9.200021	-1.88500006e-02
9.220021	-1.20000001e-02
9.240022	1.57999992e-02
9.260022	1.75500009e-02
9.280023	2.14000000e-03
9.300023	-4.61999979e-03
9.320024	1.01500005e-02
9.340024	9.49999969e-03
9.360024	5.90000022e-03
9.380025	8.55000038e-03
9.400025	9.10000037e-03
9.420026	-6.50000013e-03
9.440026	-5.99999985e-05
9.460027	1.46000003e-02
9.480027	3.84999998e-03
9.500028	-9.20000020e-03
9.520028	-1.62499994e-02
9.540029	-8.24999996e-03
9.560029	8.00000038e-03
9.580029	-2.45000003e-03
9.600030	-3.09000001e-03
9.620030	-1.02000004e-02
9.640031	-3.96999996e-03
9.660031	1.84499994e-02
9.680032	9.94999986e-03
9.700032	-1.74000002e-02
9.720033	-2.27499995e-02
9.740033	8.29999987e-03
9.760034	2.70000007e-02
9.780034	1.38499998e-02
9.800035	3.17499996e-03
9.820035	3.50499991e-03
9.840035	-2.18500011e-03
9.860036	-7.49999983e-03
9.880036	-8.00000038e-03
9.900037	5.65000018e-03
9.920037	-1.20000001e-02
9.940038	-1.63499992e-02
9.960038	-1.33499997e-02
9.980039	-1.10999998e-02
10.000039	1.14500001e-02
10.020040	1.25000002e-02
10.040040	-2.46999995e-03
10.060040	-5.45000006e-03
10.080041	3.67000001e-03
10.100041	2.67999992e-03
10.120042	3.96999996e-03
10.140042	3.39500001e-03
10.160043	-7.05499994e-03
10.180043	-3.39500001e-03
10.200044	1.46500003e-02
10.220044	1.01500005e-02
10.240045	-7.50000036e-05
10.260045	4.23499988e-03
10.280046	-3.66499997e-03
10.300046	-7.96999969e-03
10.320046	-3.64000001e-03
10.340047	1.15550002e-02
10.360047	7.18999980e-03
10.380048	1.65500003e-03
10.400048	-8.27500038e-03
10.420049	-1.40349995e-02
10.440049	3.16999992e-03
10.460050	1.33800004e-02
10.480050	3.59000009e-03
10.500051	-1.52650001e-02
10.520051	-1.11300005e-02
10.540051	2.55000009e-03
10.560052	-1.24999997e-03
10.580052	3.16999992e-03
10.600053	1.16999997e-02
10.620053	3.41999996e-03
10.640054	-8.55000038e-03
10.660054	-8.10000021e-03
10.680055	-5.59000019e-03
10.700055	5.26499981e-03
10.720056	-1.38499995e-03
10.740056	-4.87500010e-03
10.760056	4.14500013e-03
10.780057	1.36599997e-02
10.800057	5.40499995e-03
10.820058	-1.51600000e-02
10.840058	-1.38149997e-02
10.860059	9.13000014e-03
10.880059	1.78699996e-02
10.900060	5.78999985e-03
10.920060	-7.12999981e-03
10.940061	-2.51000002e-03
10.960061	4.50000007e-05
10.980062	1.05900001e-02
11.000062	-5.11999987e-03
11.020062	-5.75000001e-03
11.040063	-4.25000006e-04
11.060063	4.10499983e-03
11.080064	4.39999998e-03
11.100064	-4.09500021e-03
11.120065	-6.80000009e-03
11.140065	-8.94999970e-03
11.160066	3.50999995e-03
11.180066	1.86500009e-02
11.200067	1.44999996e-02
11.220067	-1.72499996e-02
11.240067	-1.39499996e-02
11.260068	8.24999996e-03
11.280068	1.49499997e-02
11.300069	9.14999982e-04
11.320069	-1.36500001e-02
11.340070	-1.12500004e-02
11.360070	-1.21499998e-02
11.380071	-8.90000025e-04
11.400071	5.79999993e-03
11.420072	5.24999993e-03
11.440072	4.97000013e-03
11.460073	-1.10499999e-02
11.480073	-4.00000019e-03
11.500073	4.47499985e-03
11.520074	6.45000022e-03
11.540074	4.89499979e-03
11.560075	2.27000006e-03
11.580075	-1.44000002e-03
11.600076	5.70000010e-03
11.620076	7.84999970e-03
11.640077	-4.29000007e-03
11.660077	-3.49000003e-03
11.680078	-3.46000004e-03
11.700078	1.46000006e-03
11.720078	-6.00000005e-03
11.740079	8.95000005e-04
11.760079	4.73499997e-03
11.780080	-4.65000002e-03
11.800080	-8.39999970e-03
11.820081	-7.49999983e-03
11.840081	2.02500005e-03
11.860082	1.01500005e-02
11.880082	-2.21999991e-03
11.900083	-4.71499981e-03
11.920083	6.45000022e-04
11.940084	9.75000020e-03
11.960084	4.31999983e-03
11.980084	-1.18499994e-03
12.000085	-5.20000001e-04
12.020085	6.76999986e-03
12.040086	1.07199997e-02
12.060086	3.13499989e-03
12.080087	-2.32500001e-03
12.100087	-6.64999988e-03
12.120088	-3.74000007e-03
12.140088	-9.65000014e-04
12.160089	3.69999994e-04
12.180089	4.30499995e-03
12.200089	-4.55999980e-03
12.220090	-1.21499998e-02
12.240090	6.00000005e-03
12.260091	7.05000013e-03
12.280091	-4.39999998e-03
12.300092	-8.99999961e-03
12.320092	-1.37499999e-03
12.340093	-7.20000011e-04
12.360093	1.82500004e-03
12.380094	-7.10000005e-03
12.400094	-9.25000012e-03
12.420094	6.00000005e-03
12.440095	1.16499998e-02
12.460095	7.19999988e-03
12.480096	-1.91999995e-03
12.500096	-9.80000012e-03
12.520097	4.89499979e-03
12.540097	9.15000029e-03
12.560098	-3.27500002e-03
12.580098	-3.79500003e-03
12.600099	8.70000012e-03
12.620099	2.63500004e-03
12.640100	-8.89999978e-03
12.660100	6.69999979e-04
12.680100	8.70000012e-03
12.700101	-5.29999984e-03
12.720101	-7.60000013e-03
12.740102	-6.50000013e-03
12.760102	1.10499999e-02
12.780103	2.92999996e-03
12.800103	-7.65000004e-03
12.820104	-3.29999998e-03
12.840104	6.34999992e-03
12.860105	5.40000014e-03
12.880105	1.18000002e-03
12.900105	-1.71500002e-03
12.920106	-8.60000029e-03
12.940106	3.54999996e-04
12.960107	3.97500023e-03
12.980107	-1.91500003e-03
13.000108	-5.10000018e-03
13.020108	2.74999999e-04
13.040109	5.64999995e-04
13.060109	-1.68999995e-03
13.080110	-1.56999996e-03
13.100110	-4.86999983e-03
13.120111	-6.00000005e-03
13.140111	2.27000006e-03
13.160111	4.71000001e-03
13.180112	9.70000029e-03
13.200112	4.29999985e-04
13.220113	-2.57500005e-03
13.240113	-2.35000000e-04
13.260114	1.04499999e-02
13.280114	9.60000046e-03
13.300115	-5.04999980e-03
13.320115	-8.65000021e-03
13.340116	3.25500011e-03
13.360116	3.32999998e-03
13.380116	-3.59499990e-03
13.400117	-6.25000009e-03
13.420117	6.60000020e-04
13.440118	3.91499978e-03
13.460118	3.94000020e-03
13.480119	3.52500007e-03
13.500119	-7.65000004e-03
13.520120	-2.22499995e-03
13.540120	2.53499998e-03
13.560121	-2.20000002e-04
13.580121	6.69999979e-03
13.600121	7.69999996e-03
13.620122	-1.07500004e-03
13.640122	-8.20000004e-03
13.660123	-7.55000021e-03
13.680123	2.95000005e-04
13.700124	1.40450001e-02
13.720124	-1.28500001e-03
13.740125	-1.13000004e-02
13.760125	-4.20999993e-03
13.780126	-4.10000008e-04
13.800126	6.20000018e-03
13.820127	4.49500000e-03
13.840127	-8.65000021e-03
13.860127	-6.25000009e-03
13.880128	2.45000003e-03
13.900128	-1.99999995e-05
13.920129	-8.00000038e-03
13.940129	-6.39999984e-03
13.960130	-4.40000003e-04
13.980130	2.06000009e-03
14.000131	5.04999980e-03
14.020131	4.54000011e-03
14.040132	2.37999996e-03
14.060132	-7.50000036e-05
14.080132	-7.55000021e-03
14.100133	1.88000000e-03
14.120133	1.31500000e-02
14.140134	5.54999989e-03
14.160134	-6.80000009e-03
14.180135	-3.77000007e-03
14.200135	1.61000004e-03
14.220136	3.59000009e-03
14.240136	-9.95000009e-04
14.260137	1.85500004e-03
14.280137	3.49500007e-03
14.300138	-1.42500002e-03
14.320138	-4.71000001e-03
14.340138	-7.69999984e-04
14.360139	6.00000005e-03
14.380139	3.04999994e-04
14.400140	4.56500007e-03
14.420140	-2.12999992e-03
14.440141	-8.75000004e-03
14.460141	-5.49999997e-03
14.480142	1.99999995e-04
14.500142	6.89999992e-03
14.520143	-3.80000012e-04
14.540143	1.76500005e-03
14.560143	-1.38999999e-03
14.580144	-5.75000001e-03
14.600144	-5.10000018e-03
14.620145	1.73000002e-03
14.640145	4.58500022e-03
14.660146	8.75000004e-03
14.680146	2.93500000e-03
14.700147	-6.89999992e-03
14.720147	-4.21500020e-03
14.740148	3.56499990e-03
14.760148	1.10499999e-02
14.780149	2.64000008e-03
14.800149	-6.34999992e-03
14.820149	-3.45500000e-03
14.840150	3.46000004e-03
14.860150	-4.89499979e-03
14.880151	-9.30000003e-03
14.900151	2.63500004e-03
14.920152	-1.65000005e-04
14.940152	-2.52999994e-03
14.960153	4.43000020e-03
14.980153	1.70999998e-03
15.000154	-1.02000004e-02
15.020154	-4.41499986e-03
15.040154	6.04999997e-03
15.060155	9.39999986e-03
15.080155	4.02999995e-03
15.100156	-5.04999980e-03
15.120156	9.10000002e-04
15.140157	-2.04499997e-03
15.160157	-5.54999989e-03
15.180158	4.61000018e-03
15.200158	7.30000017e-03
15.220159	4.67499997e-03
15.240159	-6.64999988e-03
15.260159	-9.34999995e-03
15.280160	6.04999997e-03
15.300160	1.32499998e-02
15.320161	2.49000010e-03
15.340161	-1.29500004e-02
15.360162	-1.09000001e-02
15.380162	-2.67500011e-03
15.400163	2.02500005e-03
15.420163	8.65000021e-03
15.440164	7.84999970e-03
15.460164	-3.98000004e-03
15.480165	-1.30500002e-02
15.500165	-7.30000017e-03
15.520165	6.25000009e-03
15.540166	2.86499993e-03
15.560166	-5.04999980e-03
15.580167	2.89499993e-03
15.600167	1.13500003e-02
15.620168	2.88500008e-03
15.640168	-8.75000004e-03
15.660169	1.54500001e-03
15.680169	7.70500023e-03
15.700170	9.69999994e-04
15.720170	-8.99999961e-03
15.740170	-1.15000000e-02
15.760171	6.64999988e-03
15.780171	1.37000000e-02
15.800172	1.67499995e-03
15.820172	-8.55000038e-03
15.840173	-3.28999991e-03
15.860173	4.14999994e-03
15.880174	5.95000014e-03
15.900174	-4.12499998e-03
15.920175	-6.80000009e-03
15.940175	2.40000011e-03
15.960176	1.29450001e-02
15.980176	-2.31499993e-03
16.000175	-9.97000001e-03
16.020176	-2.09999998e-04
16.040176	7.04000005e-03
16.060177	2.43000011e-03
16.080177	-1.28500001e-03
16.100178	-6.94999984e-03
16.120178	5.96500002e-03
16.140179	1.33950002e-02
16.160179	-1.08300000e-02
16.180180	-1.95049997e-02
16.200180	3.75499995e-03
16.220181	1.81050003e-02
16.240181	-2.49999994e-05
16.260181	-6.37000008e-03
16.280182	-1.01150004e-02
16.300182	8.75000027e-04
16.320183	8.79499968e-03
16.340183	-2.83999997e-03
16.360184	-7.00999983e-03
16.380184	5.74500021e-03
16.400185	3.11499997e-03
16.420185	-9.20000020e-04
16.440186	1.04400003e-02
16.460186	-2.34999997e-03
16.480186	-1.21649997e-02
16.500187	-1.00550000e-02
16.520187	1.08000003e-02
16.540188	1.19150002e-02
16.560188	-1.50000001e-03
16.580189	-1.23399999e-02
16.600189	-3.71000008e-03
16.620190	1.36150001e-02
16.640190	8.14499985e-03
16.660191	-5.80500020e-03
16.680191	-1.18549997e-02
16.700191	-5.65499999e-03
16.720192	7.86499958e-03
16.740192	7.98000023e-03
16.760193	-2.73500010e-03
16.780193	-7.86499958e-03
16.800194	5.66999987e-03
16.820194	1.83500000e-03
16.840195	-5.60500007e-03
16.860195	-7.23000010e-03
16.880196	4.04499983e-03
16.900196	6.77500013e-03
16.920197	-6.08999981e-03
16.940197	6.50000002e-05
16.960197	8.13500024e-03
16.980198	3.22500011e-03
17.000198	-5.01499977e-03
17.020199	-9.49500035e-03
17.040199	-3.22000007e-03
17.060200	1.21999998e-02
17.080200	-5.48500009e-03
17.100201	-1.10799996e-02
17.120201	1.23000005e-03
17.140202	7.34499982e-03
17.160202	2.59499997e-03
17.180202	3.58000002e-03
17.200203	5.30000019e-04
17.220203	-8.14499985e-03
17.240204	-7.12500000e-03
17.260204	6.25499990e-03
17.280205	8.76499992e-03
17.300205	1.25050005e-02
17.320206	-5.65999979e-03
17.340206	-1.06899999e-02
17.360207	-2.24999990e-03
17.380207	9.73500032e-03
17.400208	5.14499983e-03
17.420208	-1.01399999e-02
17.440208	-8.00499972e-03
17.460209	6.06000004e-03
17.480209	9.58999991e-03
17.500210	-4.32500010e-03
17.520210	-7.35499989e-03
17.540211	8.59999971e-04
17.560211	9.46499966e-03
17.580212	2.98000011e-03
17.600212	-6.25499990e-03
17.620213	-9.59500019e-03
17.640213	-2.92499992e-03
17.660213	6.03999989e-03
17.680214	9.61500034e-03
17.700214	2.95000005e-04
17.720215	-8.16500001e-03
17.740215	-1.88000000e-03
17.760216	5.84500004e-03
17.780216	3.78499995e-03
17.800217	-4.50999988e-03
17.820217	-3.25500011e-03
17.840218	5.05500007e-03
17.860218	1.05400002e-02
17.880219	-3.65000009e-03
17.900219	-1.00750001e-02
17.920219	-2.99499999e-03
17.940220	5.97500009e-03
17.960220	7.43500004e-03
17.980221	2.66500004e-03
18.000221	-1.03449998e-02
18.020222	-5.74500021e-03
18.040222	8.60000029e-03
18.060223	4.83499980e-03
18.080223	-2.11500004e-03
18.100224	-4.52500023e-03
18.120224	6.00000028e-04
18.140224	-8.50000011e-04
18.160225	-4.99500008e-03
18.180225	1.99000002e-03
18.200226	5.24999993e-03
18.220226	-6.89500012e-03
18.240227	-1.66499999e-03
18.260227	3.56499990e-03
18.280228	-5.15000022e-04
18.300228	-3.12500005e-03
18.320229	2.48500006e-03
18.340229	4.55000019e-03
18.360229	2.91000004e-03
18.380230	-4.75500012e-03
18.400230	-2.38500000e-03
18.420231	8.35000013e-04
18.440231	-3.84999998e-03
18.460232	-2.67500011e-03
18.480232	1.04850000e-02
18.500233	5.14499983e-03
18.520233	-7.93999992e-03
18.540234	-6.48499979e-03
18.560234	1.07500004e-03
18.580235	8.93499982e-03
18.600235	1.88999996e-03
18.620235	-5.29999984e-03
18.640236	3.15000012e-04
18.660236	5.88000007e-03
18.680237	-6.81000017e-03
18.700237	-7.73999980e-03
18.720238	7.12999981e-03
18.740238	7.96999969e-03
18.760239	5.40499995e-03
18.780239	-1.04350001e-02
18.800240	-1.09700002e-02
18.820240	-2.76000006e-03
18.840240	9.23999958e-03
18.860241	4.60499991e-03
18.880241	5.26000001e-03
18.900242	-2.67000007e-03
18.920242	-1.24000004e-02
18.940243	-2.23500002e-03
18.960243	8.47500004e-03
18.980244	8.08999967e-03
19.000244	-1.61000004e-03
19.020245	-1.38800004e-02
19.040245	-4.55000019e-03
19.060246	8.55499972e-03
19.080246	2.95000011e-03
19.100246	-2.36000004e-03
19.120247	-4.04499983e-03
19.140247	3.30500002e-03
19.160248	3.86000006e-03
19.180248	-4.01500007e-03
19.200249	-4.25500004e-03
19.220249	3.96999996e-03
19.240250	9.15999990e-03
19.260250	2.57500005e-03
19.280251	-2.84500001e-03
19.300251	-2.08000001e-03
19.320251	1.40000004e-04
19.340252	2.72500003e-03
19.360252	1.09999999e-03
19.380253	-2.94000003e-03
19.400253	-3.73000000e-03
19.420254	1.09999999e-03
19.440254	5.14000002e-03
19.460255	1.47500006e-03
19.480255	-2.03499990e-03
19.500256	-1.90999999e-03
19.520256	-1.27000001e-03
19.540257	2.40000011e-03
19.560257	2.14999993e-04
19.580257	-3.50499991e-03
19.600258	3.92000005e-03
19.620258	3.41499993e-03
19.640259	-5.77000016e-03
19.660259	-1.81000005e-03
19.680260	1.04999999e-04
19.700260	-1.15000003e-03
19.720261	3.47999996e-03
19.740261	1.49000005e-03
19.760262	-2.21000006e-03
19.780262	-4.73499997e-03
19.800262	-5.29999984e-03
19.820263	-1.70499994e-03
19.840263	9.91499983e-03
19.860264	1.00550000e-02
19.880264	-1.05299996e-02
19.900265	-1.25200003e-02
19.920265	4.49000020e-03
19.940266	1.08599998e-02
19.960266	-3.60000005e-04
19.980267	-4.00500000e-03
20.000267	-1.42999995e-03
20.020267	1.00000005e-03
20.040268	5.70499990e-03
20.060268	-2.48000002e-03
20.080269	-6.65999996e-03
20.100269	2.00000009e-03
20.120270	6.66500023e-03
20.140270	-2.45000003e-04
20.160271	-4.60000010e-03
20.180271	-3.25999991e-03
20.200272	-7.90000020e-04
20.220272	6.23500021e-03
20.240273	4.20999993e-03
20.260273	-2.67500011e-03
20.280273	-7.20999995e-03
20.300274	-2.60000001e-04
20.320274	2.28999997e-03
20.340275	2.89499993e-03
20.360275	-2.11000000e-03
20.380276	-1.91500003e-03
20.400276	2.31999997e-03
20.420277	7.80000002e-04
20.440277	-2.22999998e-03
20.460278	-1.14499999e-03
20.480278	1.99500006e-03
20.500278	7.24499999e-03
20.520279	-3.15500004e-03
20.540279	-9.35500022e-03
20.560280	5.45000017e-04
20.580280	5.17500006e-03
20.600281	-8.20000016e-04
20.620281	1.38999999e-03
20.640282	6.47500018e-03
20.660282	1.58499996e-03
20.680283	-1.91999995e-03
20.700283	-7.17499992e-03
20.720284	-1.15000003e-04
20.740284	6.66500023e-03
20.760284	-3.46500007e-03
20.780285	-2.55499990e-03
20.800285	6.34500012e-03
20.820286	5.16499998e-03
20.840286	-5.21499990e-03
20.860287	-3.47000011e-03
20.880287	4.66000009e-03
20.900288	-1.23000005e-03
20.920288	-4.58500022e-03
20.940289	2.73999991e-03
20.960289	-4.14999988e-04
20.980289	-2.49999994e-03
21.000290	2.09999993e-03
21.020290	-9.99999975e-05
21.040291	-2.39000004e-03
21.060291	1.07999996e-03
21.080292	1.41499995e-03
21.100292	9.00000014e-05
21.120293	-4.26999992e-03
21.140293	-3.18500004e-03
21.160294	5.67500014e-03
21.180294	4.59499983e-03
21.200294	-2.88999989e-03
21.220295	-3.69499996e-03
21.240295	-2.69999990e-04
21.260296	3.52000003e-03
21.280296	4.62999986e-03
21.300297	-2.01499998e-03
21.320297	-3.69499996e-03
21.340298	-6.75000018e-04
21.360298	-6.35000004e-04
21.380299	-2.54000002e-03
21.400299	4.44999989e-03
21.420300	1.84999997e-04
21.440300	2.99999992e-05
21.460300	-4.49999992e-04
21.480301	-2.95999995e-03
21.500301	2.66500004e-03
21.520302	9.74999974e-04
21.540302	-9.74999974e-04
21.560303	-2.26500002e-03
21.580303	-1.41999999e-03
21.600304	-4.79999988e-04
21.620304	7.54999986e-04
21.640305	2.85999989e-03
21.660305	1.47500006e-03
21.680305	1.99999995e-04
21.700306	-4.05000011e-03
21.720306	-1.19999997e-04
21.740307	2.64000008e-03
21.760307	-2.60000001e-04
21.780308	1.38000003e-03
21.800308	2.50000012e-04
21.820309	-3.74000007e-03
21.840309	-8.90000025e-04
21.860310	7.86000025e-03
21.880310	4.43000020e-03
21.900311	-7.58499978e-03
21.920311	-7.06999982e-03
21.940311	4.56999987e-03
21.960312	9.12499987e-03
21.980312	-1.10999995e-03
22.000313	-6.88500004e-03
22.020313	1.78000005e-03
22.040314	4.65499982e-03
22.060314	-9.20000020e-04
22.080315	-4.82999999e-03
22.100315	-3.85500002e-03
22.120316	4.11499990e-03
22.140316	1.47500006e-03
22.160316	-4.50500008e-03
22.180317	-2.03499990e-03
22.200317	1.96000002e-03
22.220318	-1.51500001e-03
22.240318	-2.54999992e-04
22.260319	1.55000004e-03
22.280319	1.68500002e-03
22.300320	1.98499998e-03
22.320320	-4.34999994e-04
22.340321	-3.34500009e-03
22.360321	-3.45000008e-04
22.380322	-4.14500013e-03
22.400322	4.04999999e-04
22.420322	1.24650002e-02
22.440323	6.95999991e-03
22.460323	-1.07000005e-02
22.480324	-9.64500010e-03
22.500324	3.51499999e-03
22.520325	8.89999978e-03
22.540325	1.10999995e-03
22.560326	-4.99500008e-03
22.580326	-1.74500002e-03
22.600327	1.44499994e-03
22.620327	1.07999996e-03
22.640327	-3.38499993e-03
22.660328	-2.49499991e-03
22.680328	2.65499996e-03
22.700329	2.33000005e-03
22.720329	-1.20000006e-03
22.740330	-4.73499997e-03
22.760330	3.16999992e-03
22.780331	7.12999981e-03
22.800331	-9.89999971e-04
22.820332	-5.16499998e-03
22.840332	-5.15000022e-04
22.860332	-2.45000003e-04
22.880333	2.60000001e-03
22.900333	-3.54999996e-04
22.920334	4.64999990e-04
22.940334	-1.65500003e-03
22.960335	-3.40999989e-03
22.980335	2.05000004e-04
23.000336	4.65000002e-03
23.020336	4.23499988e-03
23.040337	-2.21500010e-03
23.060337	-3.23999999e-03
23.080338	-6.15000026e-04
23.100338	3.38999997e-03
23.120338	2.63000000e-03
23.140339	-3.89000005e-03
23.160339	-2.54000002e-03
23.180340	1.85000000e-03
23.200340	-1.53500005e-03
23.220341	7.69999984e-04
23.240341	1.91999995e-03
23.260342	3.01000010e-03
23.280342	-2.15000007e-03
23.300343	-5.15000010e-03
23.320343	-2.43999995e-03
23.340343	8.07000045e-03
23.360344	3.10999993e-03
23.380344	-3.91499978e-03
23.400345	-3.87499994e-03
23.420345	-1.24500005e-03
23.440346	4.48499992e-03
23.460346	2.33000005e-03
23.480347	-5.45000006e-03
23.500347	-1.61000004e-03
23.520348	4.97000013e-03
23.540348	-7.20000011e-04
23.560349	-1.97999994e-03
23.580349	-9.59999976e-04
23.600349	2.09999993e-03
23.620350	2.28999997e-03
23.640350	6.39999984e-04
23.660351	-2.21999991e-03
23.680351	-2.71999999e-03
23.700352	-7.35000009e-04
23.720352	1.10500003e-03
23.740353	3.12000001e-03
23.760353	-3.80000012e-04
23.780354	-5.92999998e-03
23.800354	-1.48500002e-03
23.820354	3.87499994e-03
23.840355	4.08999994e-03
23.860355	-1.00000005e-03
23.880356	-2.05000004e-04
23.900356	4.99999987e-05
23.920357	-1.73999998e-03
23.940357	-1.97499990e-03
23.960358	1.14499999e-03
23.980358	6.73499983e-03
24.000359	2.08000001e-03
24.020359	-4.91499994e-03
24.040359	-3.52500007e-03
24.060360	3.25999991e-03
24.080360	3.98000004e-03
24.100361	-4.18499997e-03
24.120361	-1.15499995e-03
24.140362	2.76999990e-03
24.160362	-2.46000011e-03
24.180363	-4.13500005e-03
24.200363	2.22499995e-03
24.220364	1.44499994e-03
24.240364	-3.37500009e-03
24.260365	-3.59000009e-03
24.280365	1.50500005e-03
24.300365	3.83500010e-03
24.320366	2.98499991e-03
24.340366	-9.29999980e-04
24.360367	4.19999997e-04
24.380367	-1.44000002e-03
24.400368	1.80000003e-04
24.420368	2.56499997e-03
24.440369	2.84999987e-04
24.460369	-3.61500005e-03
24.480370	1.80000003e-04
24.500370	1.53500005e-03
24.520370	2.05500005e-03
24.540371	-5.00000024e-04
24.560371	-5.84999972e-04
24.580372	1.91500003e-03
24.600372	1.49000005e-03
24.620373	-1.10999995e-03
24.640373	-1.40499999e-03
24.660374	5.99999985e-05
24.680374	9.14999982e-04
24.700375	2.24999996e-04
24.720375	-6.30000024e-04
24.740376	-1.52499997e-03
24.760376	-1.77500001e-03
24.780376	-4.34999994e-04
24.800377	1.21999998e-03
24.820377	-8.44999973e-04
24.840378	1.33999996e-03
24.860378	-4.50000007e-05
24.880379	-4.62999986e-03
24.900379	7.84999982e-04
24.920380	5.05999988e-03
24.940380	-2.52999994e-03
24.960381	-3.00500006e-03
24.980381	5.40499995e-03
25.000381	-1.74500002e-03
25.020382	-4.28499980e-03
25.040382	3.30500002e-03
25.060383	3.56999994e-03
25.080383	-4.13500005e-03
25.100384	-4.69999993e-03
25.120384	-5.50000004e-05
25.140385	6.70999987e-03
25.160385	7.54999986e-04
25.180386	-3.29499994e-03
25.200386	-2.24500010e-03
25.220387	-1.97999994e-03
25.240387	2.39000004e-03
25.260387	-5.15000022e-04
25.280388	1.47500006e-03
25.300388	2.41500000e-03
25.320389	1.41999999e-03
25.340389	-3.56999994e-03
25.360390	-5.19500021e-03
25.380390	2.79999990e-03
25.400391	7.77499983e-03
25.420391	2.24999996e-04
25.440392	-4.49000020e-03
25.460392	2.99999992e-05
25.480392	-6.24999986e-04
25.500393	-4.29999985e-04
25.520393	3.09000001e-03
25.540394	2.11000000e-03
25.560394	9.35000018e-04
25.580395	-5.09999983e-04
25.600395	-2.50499998e-03
25.620396	-1.01000001e-03
25.640396	5.09999983e-04
25.660397	6.28999993e-03
25.680397	5.24999981e-04
25.700397	-8.42500012e-03
25.720398	-4.18999977e-03
25.740398	6.11500023e-03
25.760399	3.58500006e-03
25.780399	-2.91500008e-03
25.800400	-2.04499997e-03
25.820400	5.64999995e-04
25.840401	1.21999998e-03
25.860401	1.59000000e-03
25.880402	-1.85999996e-03
25.900402	-9.99999975e-06
25.920403	4.56500007e-03
25.940403	-2.83499993e-03
25.960403	-5.00500016e-03
25.980404	-2.65000010e-04
26.000404	4.70500020e-03
26.020405	2.34499993e-03
26.040405	-9.80000012e-04
26.060406	-4.18499997e-03
26.080406	-8.95000005e-04
26.100407	1.49499997e-03
26.120407	1.20499998e-03
26.140408	1.66499999e-03
26.160408	-1.12000003e-03
26.180408	-2.58499989e-03
26.200409	-2.83499993e-03
26.220409	2.54999992e-04
26.240410	4.58500022e-03
26.260410	1.64999999e-03
26.280411	-2.65000010e-04
26.300411	-2.50499998e-03
26.320412	-4.44999989e-03
26.340412	5.39000006e-03
26.360413	4.32999991e-03
26.380413	-7.60000024e-04
26.400414	-3.42500000e-03
26.420414	-1.20499998e-03
26.440414	8.75000027e-04
26.460415	-1.01000001e-03
26.480415	-6.15000026e-04
26.500416	3.41499993e-03
26.520416	-4.40000003e-04
26.540417	-2.76999990e-03
26.560417	-1.30500004e-03
26.580418	7.00000019e-05
26.600418	1.30999996e-03
26.620419	1.34999995e-04
26.640419	2.50000012e-04
26.660419	2.51500006e-03
26.680420	-2.49999994e-05
26.700420	-5.10499999e-03
26.720421	-2.06499989e-03
26.740421	4.75999992e-03
26.760422	4.07999987e-03
26.780422	-6.54999982e-04
26.800423	-3.17499996e-03
26.820423	-3.01999995e-03
26.840424	1.45500002e-03
26.860424	4.33500018e-03
26.880424	-1.32000004e-03
26.900425	-2.31499993e-03
26.920425	-1.99999995e-04
26.940426	5.00000024e-04
26.960426	2.08500004e-03
26.980427	-3.99999990e-04
27.000427	1.59999996e-04
27.020428	-9.69999994e-04
27.040428	-2.09999998e-04
27.060429	-2.65000010e-04
27.080429	-2.03999993e-03
27.100430	1.69999999e-04
27.120430	1.64499995e-03
27.140430	-9.99999975e-05
27.160431	-1.09000003e-03
27.180431	8.95000005e-04
27.200432	2.88999989e-03
27.220432	2.35000000e-04
27.240433	-1.79999997e-03
27.260433	-7.45000027e-04
27.280434	1.59999996e-04
27.300434	1.34500000e-03
27.320435	1.61000004e-03
27.340435	-1.72499998e-03
27.360435	-3.40000005e-03
27.380436	-2.95499992e-03
27.400436	2.28499994e-03
27.420437	3.38999997e-03
27.440437	1.46000006e-03
27.460438	-2.36000004e-03
27.480438	-3.26999999e-03
27.500439	-1.55000004e-03
27.520439	1.58499996e-03
27.540440	2.15000007e-03
27.560440	1.74999994e-04
27.580441	-2.85500009e-03
27.600441	1.02500001e-03
27.620441	1.76500005e-03
27.640442	7.75000022e-04
27.660442	1.50000007e-04
27.680443	-2.74999999e-04
27.700443	1.13999995e-03
27.720444	6.60000020e-04
27.740444	-2.36999989e-03
27.760445	1.12999999e-03
27.780445	1.00000005e-03
27.800446	-2.20000002e-04
27.820446	6.60000020e-04
27.840446	-2.92000012e-03
27.860447	6.79999997e-04
27.880447	3.12000001e-03
27.900448	1.61499996e-03
27.920448	-1.74999994e-04
27.940449	1.59999996e-04
27.960449	-1.97999994e-03
27.980450	6.09999988e-04
28.000450	2.56499997e-03
28.020451	-1.50999997e-03
28.040451	-1.83500000e-03
28.060452	-6.94999995e-04
28.080452	-2.18999991e-03
28.100452	1.68999995e-03
28.120453	2.30000005e-03
28.140453	-1.64999999e-03
28.160454	-7.30000029e-04
28.180454	1.06499996e-03
28.200455	1.05500000e-03
28.220455	-5.00000024e-04
28.240456	-5.60000015e-04
28.260456	4.25000006e-04
28.280457	4.55000001e-04
28.300457	6.24999986e-04
28.320457	-1.04500004e-03
28.340458	-3.11499997e-03
28.360458	-4.10000008e-04
28.380459	2.60000001e-03
28.400459	5.90000011e-04
28.420460	-1.77500001e-03
28.440460	-1.62000000e-03
28.460461	-7.24999991e-04
28.480461	2.14500003e-03
28.500462	9.44999978e-04
28.520462	-5.00000024e-04
28.540462	-1.20000006e-03
28.560463	-1.64499995e-03
28.580463	1.82500004e-03
28.600464	1.70999998e-03
28.620464	-9.85000050e-04
28.640465	-1.04999999e-04
28.660465	5.15000022e-04
28.680466	2.80000007e-04
28.700466	-1.18499994e-03
28.720467	7.35000009e-04
28.740467	-2.09999998e-04
28.760468	-8.69999989e-04
28.780468	1.88999996e-03
28.800468	6.50000002e-04
28.820469	-2.10499996e-03
28.840469	1.22500001e-03
28.860470	2.70000007e-03
28.880470	2.24999996e-04
28.900471	-1.55000004e-03
28.920471	-4.18499997e-03
28.940472	-6.05000008e-04
28.960472	4.84000007e-03
28.980473	1.33000000e-03
29.000473	-5.44499978e-03
29.020473	-3.10999993e-03
29.040474	3.42500000e-03
29.060474	3.23499995e-03
29.080475	-2.61999993e-03
29.100475	-1.32499996e-03
29.120476	1.95000001e-04
29.140476	2.21999991e-03
29.160477	1.62500003e-03
29.180477	-7.39999989e-04
29.200478	-7.35000009e-04
29.220478	-5.64999995e-04
29.240479	-1.70499994e-03
29.260479	1.15499995e-03
29.280479	1.01000001e-03
29.300480	-2.60000001e-04
29.320480	1.33000000e-03
29.340481	7.54999986e-04
29.360481	-1.21999998e-03
29.380482	-8.14999978e-04
29.400482	-5.15000022e-04
29.420483	1.09000003e-03
29.440483	1.86500000e-03
29.460484	-2.46999995e-03
29.480484	6.05000008e-04
29.500484	2.14999993e-04
29.520485	-3.28000006e-03
29.540485	2.02000001e-03
29.560486	2.75500002e-03
29.580486	-7.90000020e-04
29.600487	-2.76000006e-03
29.620487	-1.44499994e-03
29.640488	1.30000000e-03
29.660488	4.01999988e-03
29.680489	4.55000001e-04
29.700489	-2.95999995e-03
29.720490	-6.50000002e-05
29.740490	3.67500004e-03
29.760490	1.56000000e-03
29.780491	-3.37999989e-03
29.800491	-1.79999997e-03
29.820492	2.85000005e-03
29.840492	1.64000003e-03
29.860493	-3.83999990e-03
29.880493	-1.06000004e-03
29.900494	1.41499995e-03
29.920494	-2.23500002e-03
29.940495	-1.15499995e-03
29.960495	1.76999997e-03
29.980495	-1.50000007e-04
30.000496	1.03499996e-03
30.020496	6.39999984e-04
30.040497	-3.25500011e-03
30.060497	-3.90000001e-04
30.080498	2.78500002e-03
30.100498	1.59500004e-03
30.120499	-2.33999989e-03
30.140499	-3.07499990e-03
30.160500	1.10000001e-04
30.180500	4.26999992e-03
30.200500	2.75500002e-03
30.220501	-2.34999997e-03
30.240501	-3.06500006e-03
30.260502	2.57000001e-03
30.280502	1.15499995e-03
30.300503	-2.15999992e-03
30.320503	1.87499996e-03
30.340504	2.13499996e-03
30.360504	-9.05000023e-04
30.380505	-1.13500003e-03
30.400505	3.90000001e-04
30.420506	2.14999993e-04
30.440506	-5.24999981e-04
30.460506	-2.24999996e-04
30.480507	-2.60000001e-04
30.500507	1.26000005e-03
30.520508	9.14999982e-04
30.540508	-2.88000004e-03
30.560509	-9.00000014e-05
30.580509	1.99000002e-03
30.600510	-1.34999995e-04
30.620510	-1.28500001e-03
30.640511	-2.35000000e-04
30.660511	-1.50000007e-04
30.680511	-1.99999995e-04
30.700512	-1.04500004e-03
30.720512	1.25000006e-04
30.740513	1.27500005e-03
30.760513	-9.54999996e-04
30.780514	-1.07000000e-03
30.800514	-3.25000001e-04
30.820515	-4.14999988e-04
30.840515	4.60000010e-04
30.860516	3.00000014e-04
30.880516	-5.54999977e-04
30.900517	8.54999991e-04
30.920517	-5.34999999e-04
30.940517	-2.20500003e-03
30.960518	2.51000002e-03
30.980518	2.34999997e-03
31.000519	-1.19999997e-04
31.020519	-1.82999996e-03
31.040520	-2.03000009e-03
31.060520	2.35000000e-04
31.080521	3.14499997e-03
31.100521	-3.84999992e-04
31.120522	-1.51500001e-03
31.140522	2.62499996e-03
31.160522	8.09999998e-04
31.180523	-2.12000008e-03
31.200523	-7.00000019e-05
31.220524	1.93499995e-03
31.240524	2.17500003e-03
31.260525	-2.98999995e-03
31.280525	-1.09499996e-03
31.300526	2.63500004e-03
31.320526	1.00000005e-03
31.340527	-2.12500012e-03
31.360527	-2.06499989e-03
31.380527	6.54999982e-04
31.400528	3.19000008e-03
31.420528	-8.44999973e-04
31.440529	-3.25500011e-03
31.460529	9.10000002e-04
31.480530	1.55499997e-03
31.500530	-2.50000012e-04
31.520531	1.44499994e-03
31.540531	-1.50000001e-03
31.560532	-1.75000005e-03
31.580532	7.50000007e-04
31.600533	-4.84999997e-04
31.620533	-1.59999996e-03
31.640533	1.67000003e-03
31.660534	3.99999990e-04
31.680534	-1.88000000e-03
31.700535	1.01500005e-03
31.720535	1.01999997e-03
31.740536	-1.39500003e-03
31.760536	-1.71500002e-03
31.780537	1.05500000e-03
31.800537	1.35000004e-03
31.820538	5.94999990e-04
31.840538	7.99999980e-05
31.860538	1.53000001e-03
31.880539	3.00000014e-04
31.900539	-1.73500006e-03
31.920540	-1.90499995e-03
31.940540	3.50999995e-03
31.960541	1.80500001e-03
31.980541	-1.92499999e-03
32.000542	-3.07000009e-03
32.020542	1.99000002e-03
32.040543	2.42500007e-03
32.060543	-8.24999996e-04
32.080544	-2.12500012e-03
32.100544	1.07000000e-03
32.120544	2.19999999e-03
32.140545	-1.09000003e-03
32.160545	-5.84999972e-04
32.180546	1.12499995e-03
32.200546	-7.84999982e-04
32.220547	-1.33000000e-03
32.240547	-1.17499998e-03
32.260548	-3.95000010e-04
32.280548	8.50000011e-04
32.300549	-7.90000020e-04
32.320549	-1.20000006e-03
32.340549	-2.49999994e-05
32.360550	6.94999995e-04
32.380550	1.28500001e-03
32.400551	-7.00000019e-05
32.420551	-9.14999982e-04
32.440552	4.99999987e-05
32.460552	-1.42500002e-03
32.480553	-9.89999971e-04
32.500553	4.60000010e-04
32.520554	3.06000002e-03
32.540554	5.45000017e-04
32.560555	2.09999998e-04
32.580555	8.29999975e-04
32.600555	1.34999995e-04
32.620556	-2.34999997e-03
32.640556	2.60000001e-04
32.660557	8.65000009e-04
32.680557	8.14999978e-04
32.700558	1.04000000e-03
32.720558	-6.30000024e-04
32.740559	7.05000013e-04
32.760559	3.45000008e-04
32.780560	-2.17500003e-03
32.800560	1.81499997e-03
32.820560	6.94999995e-04
32.840561	-3.80000006e-03
32.860561	-2.63000000e-03
32.880562	3.56000010e-03
32.900562	2.98000011e-03
32.920563	-1.87499996e-03
32.940563	-3.06000002e-03
32.960564	-1.44000002e-03
32.980564	1.12000003e-03
33.000565	2.68999999e-03
33.020565	-2.02500005e-03
33.040565	-1.91500003e-03
33.060566	8.54999991e-04
33.080566	1.24999997e-03
33.100567	2.89999996e-04
33.120567	-8.50000011e-04
33.140568	3.39999999e-04
33.160568	1.41999999e-03
33.180569	-1.55499997e-03
33.200569	-2.24000006e-03
33.220570	1.22500001e-03
33.240570	3.26499995e-03
33.260571	1.98499998e-03
33.280571	-1.20000006e-03
33.300571	-2.67000007e-03
33.320572	1.95000001e-04
33.340572	3.11499997e-03
33.360573	1.24500005e-03
33.380573	-2.58499989e-03
33.400574	-1.82500004e-03
33.420574	1.79500005e-03
33.440575	5.20000001e-04
33.460575	4.99999987e-05
33.480576	1.04500004e-03
33.500576	-5.54999977e-04
33.520576	-1.73999998e-03
33.540577	1.90000006e-04
33.560577	2.15999992e-03
33.580578	-3.54999996e-04
33.600578	-2.34499993e-03
33.620579	-9.65000014e-04
33.640579	3.90000001e-04
33.660580	-1.12499995e-03
33.680580	9.89999971e-04
33.700581	6.79999997e-04
33.720581	-1.04999996e-03
33.740582	-2.20000002e-04
33.760582	-3.49999988e-04
33.780582	1.42999995e-03
33.800583	-7.50000036e-05
33.820583	-1.54500001e-03
33.840584	8.54999991e-04
33.860584	2.30999989e-03
33.880585	-1.67000003e-03
33.900585	-1.32499996e-03
33.920586	3.11499997e-03
33.940586	1.29000004e-03
33.960587	-6.45000022e-04
33.980587	-9.05000023e-04
34.000587	-9.85000050e-04
34.020588	7.54999986e-04
34.040588	9.25000000e-04
34.060589	-4.69999999e-04
34.080589	-1.53000001e-03
34.100590	-6.30000024e-04
34.120590	1.91999995e-03
34.140591	1.55499997e-03
34.160591	-2.39999994e-04
34.180592	4.29999985e-04
34.200592	-6.35000004e-04
34.220592	-1.71500002e-03
34.240593	-3.90000001e-04
34.260593	-2.09999998e-04
34.280594	4.14999988e-04
34.300594	1.90499995e-03
34.320595	-4.10000008e-04
34.340595	-3.20499996e-03
34.360596	-9.20000020e-04
34.380596	2.16499995e-03
34.400597	1.76999997e-03
34.420597	-3.99999990e-05
34.440598	-8.44999973e-04
34.460598	2.74999999e-04
34.480598	-7.54999986e-04
34.500599	-2.06499989e-03
34.520599	4.14999988e-04
34.540600	2.85999989e-03
34.560600	1.13999995e-03
34.580601	-2.82500009e-03
34.600601	-2.68499996e-03
34.620602	1.59999996e-03
34.640602	1.13500003e-03
34.660603	-1.30999996e-03
34.680603	-1.17499998e-03
34.700603	-2.20000002e-04
34.720604	3.55000002e-03
34.740604	1.50999997e-03
34.760605	-1.91500003e-03
34.780605	-1.13500003e-03
34.800606	8.99999985e-04
34.820606	9.65000014e-04
34.840607	-7.30000029e-04
34.860607	1.02500001e-03
34.880608	1.88000000e-03
34.900608	-3.34999990e-04
34.920609	-2.44499999e-03
34.940609	-4.10000008e-04
34.960609	1.91999995e-03
34.980610	-1.47000002e-03
35.000610	-1.07000000e-03
35.020611	1.86500000e-03
35.040611	-1.55499997e-03
35.060612	-1.06000004e-03
35.080612	1.57500000e-03
35.100613	9.35000018e-04
35.120613	-9.29999980e-04
35.140614	9.99999975e-06
35.160614	3.69999994e-04
35.180614	-6.30000024e-04
35.200615	-4.14999988e-04
35.220615	9.65000014e-04
35.240616	7.14999973e-04
35.260616	-7.99999980e-04
35.280617	4.14999988e-04
35.300617	8.44999973e-04
35.320618	-2.50000012e-04
35.340618	-4.84999997e-04
35.360619	-1.75000005e-03
35.380619	-8.09999998e-04
35.400620	7.24999991e-04
35.420620	-1.19999997e-04
35.440620	6.75000018e-04
35.460621	-2.80000007e-04
35.480621	-1.01000001e-03
35.500622	4.90000006e-04
35.520622	1.53000001e-03
35.540623	8.50000011e-04
35.560623	-7.75000022e-04
35.580624	-9.99999975e-05
35.600624	-6.54999982e-04
35.620625	-4.29999985e-04
35.640625	2.50000012e-04
35.660625	2.34999997e-03
35.680626	1.87000004e-03
35.700626	-2.55999994e-03
35.720627	-2.68999999e-03
35.740627	1.20000006e-03
35.760628	2.11500004e-03
35.780628	8.75000027e-04
35.800629	-2.30999989e-03
35.820629	-6.99999975e-04
35.840630	1.18999998e-03
35.860630	-8.49999997e-05
35.880630	-5.20000001e-04
35.900631	4.40000003e-04
35.920631	-9.69999994e-04
35.940632	8.20000016e-04
35.960632	-4.19999997e-04
35.980633	-2.80000007e-04
36.000633	-1.03000004e-03
36.020634	-5.84999972e-04
36.040634	1.76999997e-03
36.060635	1.16999994e-03
36.080635	-2.09499989e-03
36.100636	-1.47999998e-03
36.120636	1.85999996e-03
36.140636	1.64999999e-03
36.160637	-1.41000003e-03
36.180637	-1.44999998e-03
36.200638	4.19999997e-04
36.220638	2.16999999e-03
36.240639	4.55000001e-04
36.260639	-3.69999994e-04
36.280640	7.00000019e-05
36.300640	1.27999997e-03
36.320641	-1.64499995e-03
36.340641	-8.44999973e-04
36.360641	9.44999978e-04
36.380642	1.23000005e-03
36.400642	-7.65000004e-04
36.420643	-9.14999982e-04
36.440643	3.69999994e-04
36.460644	-2.89999996e-04
36.480644	-4.49999992e-04
36.500645	1.85500004e-03
36.520645	1.47000002e-03
36.540646	-2.84500001e-03
36.560646	-9.54999996e-04
36.580647	2.88999989e-03
36.600647	-1.10000001e-04
36.620647	-3.81999998e-03
36.640648	5.94999990e-04
36.660648	1.80000003e-04
36.680649	9.35000018e-04
36.700649	7.30000029e-04
36.720650	-3.94500000e-03
36.740650	-1.34999995e-04
36.760651	1.50000001e-03
36.780651	-2.41500000e-03
36.800652	3.14499997e-03
36.820652	2.65499996e-03
36.840652	-2.61000008e-03
36.860653	-2.49499991e-03
36.880653	2.60000001e-04
36.900654	3.46000004e-03
36.920654	2.24500010e-03
36.940655	-1.27000001e-03
36.960655	-1.50000007e-04
36.980656	-7.39999989e-04
37.000656	-2.24000006e-03
37.020657	2.64999992e-03
37.040657	3.00500006e-03
37.060658	-6.39999984e-04
37.080658	-2.25499994e-03
37.100658	-6.79999997e-04
37.120659	7.09999993e-04
37.140659	6.15000026e-04
37.160660	-4.25000006e-04
37.180660	1.21500005e-03
37.200661	1.30000000e-04
37.220661	-1.84499996e-03
37.240662	-6.50000002e-04
37.260662	2.36000004e-03
37.280663	1.13999995e-03
37.300663	-1.25500001e-03
37.320663	-1.14499999e-03
37.340664	2.50000012e-04
37.360664	-9.05000023e-04
37.380665	2.35000000e-04
37.400665	1.94999995e-03
37.420666	-1.84499996e-03
37.440666	-3.09500005e-03
37.460667	1.38499995e-03
37.480667	1.93999999e-03
37.500668	-7.20000011e-04
37.520668	-7.54999986e-04
37.540668	-1.49999996e-05
37.560669	8.75000027e-04
37.580669	6.65000000e-04
37.600670	-3.99999990e-04
37.620670	-6.69999979e-04
37.640671	1.55000002e-04
37.660671	-2.09999998e-04
37.680672	2.49999994e-05
37.700672	3.80000012e-04
37.720673	-1.36500003e-03
37.740673	1.01999997e-03
37.760674	1.87000004e-03
37.780674	6.94999995e-04
37.800674	-1.33000000e-03
37.820675	-9.14999982e-04
37.840675	1.23499997e-03
37.860676	4.90000006e-04
37.880676	-1.11499999e-03
37.900677	-6.05000008e-04
37.920677	3.30000010e-04
37.940678	-1.19500002e-03
37.960678	-2.84999987e-04
37.980679	1.75499998e-03
38.000679	1.55000002e-04
38.020679	-1.74500002e-03
38.040680	-1.42500002e-03
38.060680	1.18000002e-03
38.080681	-4.50000007e-05
38.100681	2.20000002e-04
38.120682	2.35000000e-04
38.140682	7.84999982e-04
38.160683	-1.30000000e-04
38.180683	-9.35000018e-04
38.200684	9.00000014e-05
38.220684	2.09000008e-03
38.240685	-2.14999993e-04
38.260685	-5.15000022e-04
38.280685	-2.89999996e-04
38.300686	-1.10999995e-03
38.320686	3.90000001e-04
38.340687	1.41999999e-03
38.360687	-4.19999997e-04
38.380688	-1.01000001e-03
38.400688	-1.09499996e-03
38.420689	5.05000004e-04
38.440689	7.09999993e-04
38.460690	1.16999994e-03
38.480690	6.24999986e-04
38.500690	-2.18999991e-03
38.520691	9.00000014e-05
38.540691	7.84999982e-04
38.560692	4.34999994e-04
38.580692	2.80000007e-04
38.600693	-2.65000010e-04
38.620693	-1.32000004e-03
38.640694	-3.65000014e-04
38.660694	6.30000024e-04
38.680695	7.60000024e-04
38.700695	1.30000000e-04
38.720695	-6.09999988e-04
38.740696	-9.44999978e-04
38.760696	1.69999999e-04
38.780697	1.10999995e-03
38.800697	3.45000008e-04
38.820698	-2.05000004e-04
38.840698	-1.56500004e-03
38.860699	-2.14999993e-04
38.880699	1.74500002e-03
38.900700	1.30000000e-03
38.920700	-6.45000022e-04
38.940701	-1.12000003e-03
38.960701	-9.99999975e-05
38.980701	1.38000003e-03
39.000702	6.94999995e-04
39.020702	-5.84999972e-04
39.040703	-1.72499998e-03
39.060703	-9.00000014e-05
39.080704	4.79999988e-04
39.100704	5.49999997e-04
39.120705	1.12999999e-03
39.140705	-6.00000028e-04
39.160706	-7.30000029e-04
39.180706	-1.06000004e-03
39.200706	-5.39999979e-04
39.220707	4.84999997e-04
39.240707	1.06000004e-03
39.260708	1.13500003e-03
39.280708	4.49999992e-04
39.300709	-3.54999996e-04
39.320709	-1.23499997e-03
39.340710	1.55000002e-04
39.360710	1.46000006e-03
39.380711	-4.60000010e-04
39.400711	2.80000007e-04
39.420712	-1.46499998e-03
39.440712	4.79999988e-04
39.460712	-1.18999998e-03
39.480713	2.89999996e-04
39.500713	5.15000022e-04
39.520714	3.15000012e-04
39.540714	2.13499996e-03
39.560715	-3.34999990e-03
39.580715	-1.63499999e-03
39.600716	2.98000011e-03
39.620716	1.56999996e-03
39.640717	-8.24999996e-04
39.660717	-1.70999998e-03
39.680717	-1.34999995e-04
39.700718	1.67999999e-03
39.720718	3.99999990e-05
39.740719	6.35000004e-04
39.760719	-1.69499998e-03
39.780720	-1.45500002e-03
39.800720	-2.84999987e-04
39.820721	2.24999990e-03
39.840721	1.31500000e-03
39.860722	-2.99999992e-05
39.880722	-1.52499997e-03
39.900723	-1.15499995e-03
39.920723	-3.99999990e-05
39.940723	1.20499998e-03
39.960724	1.43499998e-03
39.960724	0.00000000e+00
40.000000	0.00000000e+00
